1.140000000000000790e+00 6.187637235950354392e-02
1.140000000000000790e+00 6.399731524524922277e-02
1.140000000000000790e+00 6.598427284710590979e-02
1.130000000000000782e+00 6.780809095159921751e-02
1.130000000000000782e+00 6.958719895163967273e-02
1.130000000000000782e+00 7.127179987376462689e-02
1.120000000000000773e+00 7.281995646072254857e-02
1.120000000000000773e+00 7.435680554936285880e-02
1.120000000000000773e+00 7.582288759217366281e-02
1.120000000000000773e+00 7.722317961587188417e-02
1.110000000000000764e+00 7.851608322962069786e-02
1.110000000000000764e+00 7.981627787295740573e-02
1.110000000000000764e+00 8.106492824105657191e-02
1.110000000000000764e+00 8.226464773816953568e-02
1.100000000000000755e+00 8.336828600947361612e-02
1.100000000000000755e+00 8.449620825128006940e-02
1.100000000000000755e+00 8.558471458565662660e-02
1.100000000000000755e+00 8.663571261376551425e-02
1.090000000000000746e+00 8.758853661420488990e-02
1.090000000000000746e+00 8.858531085980221598e-02
1.090000000000000746e+00 8.955086820373391043e-02
1.090000000000000746e+00 9.048667893791270678e-02
1.090000000000000746e+00 9.139378677601091294e-02
1.080000000000000737e+00 9.220725230172786835e-02
1.080000000000000737e+00 9.307544524468236435e-02
1.080000000000000737e+00 9.391934423186690251e-02
1.080000000000000737e+00 9.473994592390215519e-02
1.080000000000000737e+00 9.553803686895033509e-02
1.080000000000000737e+00 9.631326520092323151e-02
1.070000000000000728e+00 9.700559046960595400e-02
1.070000000000000728e+00 9.775505793639405194e-02
1.070000000000000728e+00 9.848576038232600971e-02
1.070000000000000728e+00 9.919834064812417529e-02
1.070000000000000728e+00 9.989327608145771864e-02
1.070000000000000728e+00 1.005702029478484083e-01
1.060000000000000719e+00 1.011620932434434406e-01
1.060000000000000719e+00 1.018207926207329028e-01
1.060000000000000719e+00 1.024645314092965664e-01
1.060000000000000719e+00 1.030937702692465568e-01
1.060000000000000719e+00 1.037088905604476030e-01
1.060000000000000719e+00 1.043100643307028619e-01
1.050000000000000711e+00 1.048139340044440676e-01
1.050000000000000711e+00 1.054011857294888527e-01
1.050000000000000711e+00 1.059762153643151045e-01
1.050000000000000711e+00 1.065393737236178945e-01
1.050000000000000711e+00 1.070909788103450305e-01
1.050000000000000711e+00 1.076312964336080535e-01
1.050000000000000711e+00 1.081604717777246844e-01
1.050000000000000711e+00 1.086780767153603527e-01
1.040000000000000702e+00 1.091051954834997284e-01
1.040000000000000702e+00 1.096148127605220124e-01
1.040000000000000702e+00 1.101147733497116615e-01
1.040000000000000702e+00 1.106053158178073870e-01
1.040000000000000702e+00 1.110866538562998718e-01
1.040000000000000702e+00 1.115589592183750117e-01
1.040000000000000702e+00 1.120223057896949787e-01
1.040000000000000702e+00 1.124763571159991260e-01
1.030000000000000693e+00 1.128353120802440684e-01
1.030000000000000693e+00 1.132845736055063668e-01
1.030000000000000693e+00 1.137260058733826906e-01
1.030000000000000693e+00 1.141597832492144138e-01
1.030000000000000693e+00 1.145860654736839679e-01
1.030000000000000693e+00 1.150049905293809155e-01
1.030000000000000693e+00 1.154166562379217303e-01
1.030000000000000693e+00 1.158210597487351057e-01
1.030000000000000693e+00 1.162177431659586480e-01
1.020000000000000684e+00 1.165174281895575426e-01
1.020000000000000684e+00 1.169121727311474568e-01
1.020000000000000684e+00 1.173005727381843943e-01
1.020000000000000684e+00 1.176827546019778015e-01
1.020000000000000684e+00 1.180588352714707634e-01
1.020000000000000684e+00 1.184289184076176282e-01
1.020000000000000684e+00 1.187930857131421075e-01
1.020000000000000684e+00 1.191513741045784475e-01
1.020000000000000684e+00 1.195036955625951719e-01
1.020000000000000684e+00 1.198492380468799273e-01
1.010000000000000675e+00 1.200977798554213050e-01
1.010000000000000675e+00 1.204439939171237373e-01
1.010000000000000675e+00 1.207850585315820846e-01
1.010000000000000675e+00 1.211210652488135114e-01
1.010000000000000675e+00 1.214520992089210549e-01
1.010000000000000675e+00 1.217782367824739032e-01
1.010000000000000675e+00 1.220995407269685751e-01
1.010000000000000675e+00 1.224160490506015220e-01
1.010000000000000675e+00 1.227277441011806330e-01
1.010000000000000675e+00 1.230344300661317669e-01
1.000000000000000666e+00 1.232314910277851061e-01
1.000000000000000666e+00 1.235391938268924628e-01
1.000000000000000666e+00 1.238426345957027302e-01
1.000000000000000666e+00 1.241418835264183895e-01
1.000000000000000666e+00 1.244370071969755492e-01
1.000000000000000666e+00 1.247280677249628100e-01
1.000000000000000666e+00 1.250151212438413151e-01
1.000000000000000666e+00 1.252982150003126849e-01
1.000000000000000666e+00 1.255773813185948606e-01
1.000000000000000666e+00 1.258526232333476158e-01
1.000000000000000666e+00 1.261238717444536916e-01
1.000000000000000666e+00 1.263907863902100359e-01
9.900000000000006573e-01 1.265479839596717615e-01
9.900000000000006573e-01 1.268174556103396633e-01
9.900000000000006573e-01 1.268174556103396633e-01
9.900000000000006573e-01 1.293278563688760874e-01
9.800000000000006484e-01 1.314938111235644247e-01
9.700000000000006395e-01 1.334421526040781569e-01
9.700000000000006395e-01 1.353232965341883420e-01
9.600000000000006306e-01 1.369537138300660484e-01
9.500000000000006217e-01 1.384236848042193768e-01
9.500000000000006217e-01 1.399136565368793439e-01
9.400000000000006128e-01 1.411595551343620414e-01
9.400000000000006128e-01 1.424434112109079775e-01
9.300000000000006040e-01 1.435056268400222990e-01
9.300000000000006040e-01 1.446279963778750177e-01
9.200000000000005951e-01 1.455339345997904432e-01
9.200000000000005951e-01 1.465279109112152811e-01
9.100000000000005862e-01 1.472966821821703187e-01
9.100000000000005862e-01 1.481872004615074623e-01
9.100000000000005862e-01 1.490060121230666335e-01
9.000000000000005773e-01 1.496385914786150795e-01
9.000000000000005773e-01 1.503835600403446993e-01
9.000000000000005773e-01 1.510693394926632405e-01
8.900000000000005684e-01 1.515903950164282366e-01
8.900000000000005684e-01 1.522239172970068499e-01
8.900000000000005684e-01 1.528083065412915997e-01
8.800000000000005596e-01 1.532316887295068208e-01
8.800000000000005596e-01 1.537788028541652863e-01
8.800000000000005596e-01 1.542854793651767253e-01
8.700000000000005507e-01 1.546189048400506139e-01
8.700000000000005507e-01 1.550982457786921342e-01
8.700000000000005507e-01 1.555439322258915513e-01
8.700000000000005507e-01 1.559543635226859348e-01
8.600000000000005418e-01 1.562182850745870988e-01
8.600000000000005418e-01 1.566153935785516427e-01
8.600000000000005418e-01 1.569848502405611634e-01
8.500000000000005329e-01 1.571652214712016271e-01
8.500000000000005329e-01 1.575233965261970404e-01
8.500000000000005329e-01 1.578580425209777649e-01
8.500000000000005329e-01 1.581698427773960136e-01
8.500000000000005329e-01 1.584574659851104572e-01
8.400000000000005240e-01 1.585916268942386131e-01
8.400000000000005240e-01 1.588783704862614943e-01
8.400000000000005240e-01 1.591461185540583856e-01
8.400000000000005240e-01 1.593949618989280170e-01
8.300000000000005151e-01 1.594634530875072287e-01
8.300000000000005151e-01 1.597131433749192364e-01
8.300000000000005151e-01 1.599468280249953522e-01
8.300000000000005151e-01 1.601649476441490416e-01
8.300000000000005151e-01 1.603674274104121555e-01
8.200000000000005063e-01 1.603885475486828693e-01
8.200000000000005063e-01 1.605957062865148444e-01
8.200000000000005063e-01 1.607896469561503894e-01
8.200000000000005063e-01 1.609707367945150680e-01
8.200000000000005063e-01 1.611390856912665870e-01
8.200000000000005063e-01 1.612934894080987336e-01
8.100000000000004974e-01 1.612848065829698974e-01
8.100000000000004974e-01 1.614487742132634240e-01
8.100000000000004974e-01 1.616020224305271258e-01
8.100000000000004974e-01 1.617447901034961555e-01
8.100000000000004974e-01 1.618770689776317662e-01
8.100000000000004974e-01 1.619975695034236718e-01
8.000000000000004885e-01 1.619533547214829505e-01
8.000000000000004885e-01 1.620855394339660860e-01
8.000000000000004885e-01 1.622089159342894882e-01
8.000000000000004885e-01 1.623236845588804100e-01
8.000000000000004885e-01 1.624299153410611041e-01
8.000000000000004885e-01 1.625272460501289429e-01
7.900000000000004796e-01 1.624399743452321354e-01
7.900000000000004796e-01 1.625486657101806176e-01
7.900000000000004796e-01 1.626500299244937886e-01
7.900000000000004796e-01 1.627442540299930684e-01
7.900000000000004796e-01 1.628314762378860747e-01
7.900000000000004796e-01 1.629117295443346936e-01
7.900000000000004796e-01 1.629847249738703985e-01
7.900000000000004796e-01 1.630474419645135120e-01
7.800000000000004707e-01 1.629523855876271743e-01
7.800000000000004707e-01 1.630314969857071528e-01
7.800000000000004707e-01 1.631047486202391872e-01
7.800000000000004707e-01 1.631722630102877547e-01
7.800000000000004707e-01 1.632341126210551940e-01
7.800000000000004707e-01 1.632902556208752909e-01
7.800000000000004707e-01 1.633402734859134564e-01
7.700000000000004619e-01 1.632024463687531679e-01
7.700000000000004619e-01 1.632654934295471316e-01
7.700000000000004619e-01 1.633236689345788917e-01
7.700000000000004619e-01 1.633770868177442936e-01
7.700000000000004619e-01 1.634258424510507679e-01
7.700000000000004619e-01 1.634699998989619374e-01
7.700000000000004619e-01 1.635095603648249463e-01
7.700000000000004619e-01 1.635443633081369030e-01
7.700000000000004619e-01 1.635735708459389315e-01
7.600000000000004530e-01 1.634231943682715738e-01
7.600000000000004530e-01 1.634665856040950771e-01
7.600000000000004530e-01 1.635060626465109357e-01
7.600000000000004530e-01 1.635417093996260895e-01
7.600000000000004530e-01 1.635735960437906533e-01
7.600000000000004530e-01 1.636017704727328603e-01
7.600000000000004530e-01 1.636262388048348726e-01
7.600000000000004530e-01 1.636469121249146674e-01
7.600000000000004530e-01 1.636634024564776746e-01
7.600000000000004530e-01 1.636725885037811634e-01
7.500000000000004441e-01 1.635172001216739224e-01
7.500000000000004441e-01 1.635172001216739224e-01
7.400000000000004352e-01 1.634653021112758287e-01
7.400000000000004352e-01 1.635063226129981340e-01
7.300000000000004263e-01 1.632855072104704430e-01
7.200000000000004174e-01 1.629905032041320811e-01
7.100000000000004086e-01 1.626281265259948705e-01
7.100000000000004086e-01 1.624376210495200312e-01
7.000000000000003997e-01 1.620234259538317623e-01
7.000000000000003997e-01 1.617481127943121433e-01
6.900000000000003908e-01 1.613072031727952604e-01
6.800000000000003819e-01 1.607994727345761210e-01
6.800000000000003819e-01 1.605259834481044534e-01
6.800000000000003819e-01 1.601954493685191494e-01
6.700000000000003730e-01 1.597040215880419500e-01
6.700000000000003730e-01 1.593766457749588306e-01
6.600000000000003642e-01 1.588525336537474075e-01
6.600000000000003642e-01 1.585355168767028922e-01
6.600000000000003642e-01 1.581863138107003075e-01
6.500000000000003553e-01 1.576736384596093832e-01
6.500000000000003553e-01 1.573485550649626197e-01
6.500000000000003553e-01 1.569994963659554488e-01
6.400000000000003464e-01 1.564864087442577878e-01
6.400000000000003464e-01 1.561671062559068790e-01
6.400000000000003464e-01 1.558315154904456601e-01
6.300000000000003375e-01 1.553041469875347524e-01
6.300000000000003375e-01 1.549983329839869917e-01
6.300000000000003375e-01 1.546809811795783196e-01
6.300000000000003375e-01 1.543518195565750928e-01
6.200000000000003286e-01 1.538408580550520710e-01
6.200000000000003286e-01 1.535439079352663438e-01
6.200000000000003286e-01 1.532390982003772606e-01
6.200000000000003286e-01 1.529265741815373780e-01
6.100000000000003197e-01 1.524135033714280330e-01
6.100000000000003197e-01 1.521318611170914825e-01
6.100000000000003197e-01 1.518448051506567364e-01
6.100000000000003197e-01 1.515527789625645827e-01
6.100000000000003197e-01 1.512556656977606662e-01
6.000000000000003109e-01 1.507590107008491276e-01
6.000000000000003109e-01 1.504918331642699503e-01
6.000000000000003109e-01 1.502212399972634727e-01
6.000000000000003109e-01 1.499475658882884754e-01
6.000000000000003109e-01 1.496709468574377866e-01
6.000000000000003109e-01 1.493908612834716765e-01
5.900000000000003020e-01 1.489206652021714816e-01
5.900000000000003020e-01 1.486692199360751254e-01
5.900000000000003020e-01 1.484158649492897664e-01
5.900000000000003020e-01 1.481608174664599820e-01
5.900000000000003020e-01 1.479042004557042100e-01
5.900000000000003020e-01 1.476459185974221267e-01
5.900000000000003020e-01 1.473849494757238920e-01
5.800000000000002931e-01 1.469439835192620225e-01
5.800000000000002931e-01 1.467100621434261065e-01
5.800000000000002931e-01 1.464752731208225633e-01
5.800000000000002931e-01 1.462397509081891367e-01
5.800000000000002931e-01 1.460035841530605560e-01
5.800000000000002931e-01 1.457667770618462644e-01
5.800000000000002931e-01 1.455291186365324785e-01
5.800000000000002931e-01 1.452893688135141748e-01
5.700000000000002842e-01 1.448736480024737094e-01
5.700000000000002842e-01 1.446586338347665979e-01
5.700000000000002842e-01 1.444434188292411658e-01
5.700000000000002842e-01 1.442280859868453613e-01
5.700000000000002842e-01 1.440126977600451608e-01
5.700000000000002842e-01 1.437972856288828316e-01
5.700000000000002842e-01 1.435818246147163024e-01
5.700000000000002842e-01 1.433661568704386879e-01
5.700000000000002842e-01 1.431496387038919960e-01
5.600000000000002753e-01 1.427496348336052268e-01
5.600000000000002753e-01 1.425541351765079734e-01
5.600000000000002753e-01 1.423588260044744702e-01
5.600000000000002753e-01 1.421637588674433683e-01
5.600000000000002753e-01 1.419689768257883233e-01
5.600000000000002753e-01 1.417745123263474405e-01
5.600000000000002753e-01 1.415803830420908627e-01
5.600000000000002753e-01 1.413865832078311513e-01
5.600000000000002753e-01 1.411930633765633991e-01
5.600000000000002753e-01 1.409996727622556401e-01
5.600000000000002753e-01 1.408059177291026143e-01
5.500000000000002665e-01 1.404284055542904530e-01
5.500000000000002665e-01 1.402526351255852510e-01
5.500000000000002665e-01 1.400772894802289614e-01
5.500000000000002665e-01 1.399023966808260466e-01
5.500000000000002665e-01 1.397279810026590685e-01
5.500000000000002665e-01 1.395540624341688463e-01
5.500000000000002665e-01 1.393806557995244388e-01
5.500000000000002665e-01 1.392077692133125433e-01
5.500000000000002665e-01 1.390354012632923075e-01
5.500000000000002665e-01 1.388635355320835540e-01
5.500000000000002665e-01 1.386921288051440049e-01
5.500000000000002665e-01 1.385210813065752555e-01
5.500000000000002665e-01 1.383501379221298566e-01
5.500000000000002665e-01 1.381782672859523942e-01
5.400000000000002576e-01 1.378351632109425517e-01
5.400000000000002576e-01 1.376795413596932915e-01
5.400000000000002576e-01 1.375244601976767511e-01
5.400000000000002576e-01 1.373699320280060698e-01
5.400000000000002576e-01 1.372159674351482450e-01
5.400000000000002576e-01 1.370625751360803612e-01
5.400000000000002576e-01 1.369097617368245090e-01
5.400000000000002576e-01 1.367575313423549099e-01
