2.779999999999984706e+00 2.295426429915370659e-01
2.749999999999985345e+00 2.320281090932635182e-01
2.719999999999985985e+00 2.342562800502628328e-01
2.679999999999986837e+00 2.362643958831988633e-01
2.659999999999987264e+00 2.380928211039887721e-01
2.629999999999987903e+00 2.397572543654124533e-01
2.609999999999988329e+00 2.412840204402406097e-01
2.579999999999988969e+00 2.426848260116089839e-01
2.559999999999989395e+00 2.439797513358833991e-01
2.539999999999989821e+00 2.451775393174673578e-01
2.519999999999990248e+00 2.462884787328966096e-01
2.499999999999990674e+00 2.473212635504234702e-01
2.479999999999991100e+00 2.482832777571771232e-01
2.469999999999991314e+00 2.491856922281800168e-01
2.449999999999991740e+00 2.500260108118307345e-01
2.439999999999991953e+00 2.508166124573936728e-01
2.419999999999992379e+00 2.515553498261698939e-01
2.409999999999992593e+00 2.522527833405766584e-01
2.389999999999993019e+00 2.529051895390606597e-01
2.379999999999993232e+00 2.535238718868054741e-01
2.369999999999993445e+00 2.541069712478512543e-01
2.359999999999993658e+00 2.546571394341847205e-01
2.339999999999994085e+00 2.551735600294908757e-01
2.329999999999994298e+00 2.556657275438881105e-01
2.319999999999994511e+00 2.561314098177158161e-01
2.309999999999994724e+00 2.565723852158274809e-01
2.299999999999994937e+00 2.569902616998926415e-01
2.289999999999995151e+00 2.573864970286130482e-01
2.279999999999995364e+00 2.577624155326345701e-01
2.269999999999995577e+00 2.581192223918725714e-01
2.259999999999995790e+00 2.584580160124733128e-01
2.249999999999996003e+00 2.587797986537863637e-01
2.239999999999996216e+00 2.590854853601454177e-01
2.229999999999996430e+00 2.593759114230890228e-01
2.229999999999996430e+00 2.596568732937316049e-01
2.219999999999996643e+00 2.599200662392460170e-01
2.209999999999996856e+00 2.601702191845168266e-01
2.199999999999997069e+00 2.604079454177007369e-01
2.189999999999997282e+00 2.606337822497121204e-01
2.189999999999997282e+00 2.608539167970539974e-01
2.179999999999997495e+00 2.610590050297275089e-01
2.169999999999997708e+00 2.612536972614920017e-01
2.159999999999997922e+00 2.614383723379685720e-01
2.159999999999997922e+00 2.616201942665598024e-01
2.149999999999998135e+00 2.617878529439510715e-01
2.139999999999998348e+00 2.619465880867133389e-01
2.139999999999998348e+00 2.621037254586692233e-01
2.129999999999998561e+00 2.622476539412399998e-01
2.129999999999998561e+00 2.623890970143240020e-01
2.119999999999998774e+00 2.625195154313653689e-01
2.109999999999998987e+00 2.626423748744763365e-01
2.109999999999998987e+00 2.627647661338711194e-01
2.099999999999999201e+00 2.628756681192764288e-01
2.099999999999999201e+00 2.629856821787698862e-01
2.089999999999999414e+00 2.630855600204942690e-01
2.089999999999999414e+00 2.631842576204966866e-01
2.079999999999999627e+00 2.632739680233041057e-01
2.069999999999999840e+00 2.633573293595254938e-01
2.069999999999999840e+00 2.634425962658502596e-01
2.060000000000000053e+00 2.635167315162515456e-01
2.060000000000000053e+00 2.635929642621775426e-01
2.050000000000000266e+00 2.636584693914134636e-01
2.050000000000000266e+00 2.637264300637915948e-01
2.040000000000000480e+00 2.637838311923484946e-01
2.040000000000000480e+00 2.638442095375762575e-01
2.040000000000000480e+00 2.638994378075205094e-01
2.030000000000000693e+00 2.639473928732187225e-01
2.030000000000000693e+00 2.639960716422863896e-01
2.020000000000000906e+00 2.640369585576672340e-01
2.020000000000000906e+00 2.640795523795421706e-01
2.010000000000001119e+00 2.641137848411146960e-01
2.010000000000001119e+00 2.641507721793051044e-01
2.000000000000001332e+00 2.641786590555477154e-01
2.000000000000001332e+00 2.642104915412643584e-01
2.000000000000001332e+00 2.642385253061665940e-01
1.990000000000001545e+00 2.642593871688690976e-01
1.990000000000001545e+00 2.642829095635718106e-01
1.980000000000001537e+00 2.642980607315850161e-01
1.980000000000001537e+00 2.643174140530569205e-01
1.980000000000001537e+00 2.643335021397692497e-01
1.970000000000001528e+00 2.643425787913122882e-01
1.970000000000001528e+00 2.643550168807468070e-01
1.960000000000001519e+00 2.643588589667352773e-01
1.960000000000001519e+00 2.643679318094593333e-01
1.960000000000001519e+00 2.643741799210715948e-01
1.950000000000001510e+00 2.643726564955572456e-01
1.950000000000001510e+00 2.643759466942955938e-01
1.950000000000001510e+00 2.643766432125478905e-01
1.940000000000001501e+00 2.643701194578909064e-01
1.940000000000001501e+00 2.643682255059219832e-01
1.940000000000001501e+00 2.643639405138655252e-01
1.930000000000001492e+00 2.643527242084320328e-01
1.930000000000001492e+00 2.643461776101246330e-01
1.930000000000001492e+00 2.643374243019817049e-01
1.920000000000001483e+00 2.643217700802388270e-01
1.920000000000001483e+00 2.643110454882861560e-01
1.920000000000001483e+00 2.642982825227947474e-01
1.910000000000001474e+00 2.642784026151493992e-01
1.910000000000001474e+00 2.642639260702665527e-01
1.910000000000001474e+00 2.642475607149104011e-01
1.910000000000001474e+00 2.642475607149104011e-01
1.880000000000001448e+00 2.640080752515858165e-01
1.850000000000001421e+00 2.636787466502938382e-01
1.830000000000001403e+00 2.632877313794300123e-01
1.810000000000001386e+00 2.628442776337726605e-01
1.780000000000001359e+00 2.623552849710563128e-01
1.770000000000001350e+00 2.618492078628384956e-01
1.750000000000001332e+00 2.613141133346220668e-01
1.730000000000001315e+00 2.607613031701768724e-01
1.710000000000001297e+00 2.601945031339973347e-01
1.700000000000001288e+00 2.596273871883408302e-01
1.690000000000001279e+00 2.590523254505350259e-01
1.670000000000001261e+00 2.584675669603694881e-01
1.660000000000001252e+00 2.578875406530525827e-01
1.650000000000001243e+00 2.573065319399305273e-01
1.640000000000001235e+00 2.567260528953667631e-01
1.620000000000001217e+00 2.561400518336093279e-01
1.610000000000001208e+00 2.555644903339028828e-01
1.600000000000001199e+00 2.549919598963406031e-01
1.590000000000001190e+00 2.544230222042309086e-01
1.590000000000001190e+00 2.538657370442193861e-01
1.580000000000001181e+00 2.533061602031860815e-01
1.570000000000001172e+00 2.527512925265951726e-01
1.560000000000001164e+00 2.522013004685130233e-01
1.550000000000001155e+00 2.516562281246253474e-01
1.540000000000001146e+00 2.511160449638391579e-01
1.540000000000001146e+00 2.505892795378451554e-01
1.530000000000001137e+00 2.500611729025607466e-01
1.520000000000001128e+00 2.495378489199185368e-01
1.510000000000001119e+00 2.490191452036517594e-01
1.510000000000001119e+00 2.485157140999294245e-01
1.500000000000001110e+00 2.480090383506842744e-01
1.500000000000001110e+00 2.475149350062725018e-01
1.490000000000001101e+00 2.470201799139614129e-01
1.480000000000001092e+00 2.465292963037157836e-01
1.480000000000001092e+00 2.460527105114576341e-01
1.470000000000001084e+00 2.455730731620359708e-01
1.470000000000001084e+00 2.451064719032590433e-01
1.460000000000001075e+00 2.446376635002556477e-01
1.460000000000001075e+00 2.441811140873447472e-01
1.450000000000001066e+00 2.437226615081822256e-01
1.450000000000001066e+00 2.432761539408711815e-01
1.440000000000001057e+00 2.428275349471333278e-01
1.440000000000001057e+00 2.423909929810009745e-01
1.430000000000001048e+00 2.419516639190021356e-01
1.430000000000001048e+00 2.415249538089646042e-01
1.420000000000001039e+00 2.410943672897880030e-01
1.420000000000001039e+00 2.406773229703559336e-01
1.410000000000001030e+00 2.402549201290772596e-01
1.410000000000001030e+00 2.398473637801878944e-01
1.410000000000001030e+00 2.394425389373354696e-01
1.400000000000001021e+00 2.390343173096190765e-01
1.400000000000001021e+00 2.386387246736232648e-01
1.400000000000001021e+00 2.382457513067055832e-01
1.390000000000001013e+00 2.378508319055231690e-01
1.390000000000001013e+00 2.374669156102423018e-01
1.380000000000001004e+00 2.370780892806631512e-01
1.380000000000001004e+00 2.367028915212125995e-01
1.380000000000001004e+00 2.363303048820686869e-01
1.370000000000000995e+00 2.359530310022459054e-01
1.370000000000000995e+00 2.355888566128581385e-01
1.370000000000000995e+00 2.352272279607898198e-01
1.360000000000000986e+00 2.348605946622910334e-01
1.360000000000000986e+00 2.345070722718405054e-01
1.360000000000000986e+00 2.341560170160563448e-01
1.350000000000000977e+00 2.337991451601952042e-01
1.350000000000000977e+00 2.334558983768238172e-01
1.350000000000000977e+00 2.331150272685237335e-01
1.350000000000000977e+00 2.327765235413136180e-01
1.340000000000000968e+00 2.324337265132333796e-01
1.340000000000000968e+00 2.321026582668753169e-01
1.340000000000000968e+00 2.317738862604851735e-01
1.330000000000000959e+00 2.314389873541919385e-01
1.330000000000000959e+00 2.311173583613995441e-01
1.330000000000000959e+00 2.307979217846361231e-01
1.330000000000000959e+00 2.304806832129271121e-01
1.320000000000000950e+00 2.301576200761588920e-01
1.320000000000000950e+00 2.298471675574383088e-01
1.320000000000000950e+00 2.295388134207561603e-01
1.320000000000000950e+00 2.292325573822837914e-01
1.310000000000000941e+00 2.289201854101460543e-01
1.310000000000000941e+00 2.286203806125813587e-01
1.310000000000000941e+00 2.283225740192705855e-01
1.310000000000000941e+00 2.280267675057663646e-01
1.310000000000000941e+00 2.277328896610788800e-01
1.300000000000000933e+00 2.274343480171078791e-01
1.300000000000000933e+00 2.271465771693858271e-01
1.300000000000000933e+00 2.268607061878665510e-01
1.300000000000000933e+00 2.265767190511986939e-01
1.290000000000000924e+00 2.262865514120493693e-01
1.290000000000000924e+00 2.260083334189103010e-01
1.290000000000000924e+00 2.257319123572374131e-01
1.290000000000000924e+00 2.254572869511958233e-01
1.290000000000000924e+00 2.251844321444934072e-01
1.280000000000000915e+00 2.249054847195565698e-01
1.280000000000000915e+00 2.246380628720197892e-01
1.280000000000000915e+00 2.243723369579297411e-01
1.280000000000000915e+00 2.241083039306046854e-01
1.280000000000000915e+00 2.238459444795372344e-01
1.270000000000000906e+00 2.235769550186218479e-01
1.270000000000000906e+00 2.235769550186218479e-01
1.260000000000000897e+00 2.210741026743726079e-01
1.240000000000000879e+00 2.187348755381977594e-01
1.230000000000000870e+00 2.165559180764686786e-01
1.210000000000000853e+00 2.145028220591427004e-01
1.200000000000000844e+00 2.125802281201890076e-01
1.190000000000000835e+00 2.107653992910184793e-01
1.180000000000000826e+00 2.090480092913739318e-01
1.170000000000000817e+00 2.074189334786371575e-01
1.170000000000000817e+00 2.058786869003177700e-01
1.160000000000000808e+00 2.044050377575788169e-01
1.150000000000000799e+00 2.029985068005846494e-01
1.140000000000000790e+00 2.016533938264777059e-01
1.140000000000000790e+00 2.003747271210228609e-01
1.130000000000000782e+00 1.991412086297817685e-01
1.130000000000000782e+00 1.979640641658062528e-01
1.120000000000000773e+00 1.968265916851711372e-01
1.120000000000000773e+00 1.957381221003162697e-01
1.110000000000000764e+00 1.946838254133619051e-01
1.110000000000000764e+00 1.936734087376850710e-01
1.100000000000000755e+00 1.926915053549373702e-01
1.100000000000000755e+00 1.917501515696518333e-01
1.090000000000000746e+00 1.908316566447496032e-01
1.090000000000000746e+00 1.899517945917490180e-01
1.090000000000000746e+00 1.890986476405100147e-01
1.080000000000000737e+00 1.882642667251881174e-01
1.080000000000000737e+00 1.874634394190858588e-01
1.080000000000000737e+00 1.866854668183356991e-01
1.070000000000000728e+00 1.859218576876378037e-01
1.070000000000000728e+00 1.851888690567380924e-01
1.070000000000000728e+00 1.844756057921781156e-01
1.070000000000000728e+00 1.837812189583401257e-01
1.060000000000000719e+00 1.830977977099626508e-01
1.060000000000000719e+00 1.824407482869357944e-01
1.060000000000000719e+00 1.818001682104468109e-01
1.060000000000000719e+00 1.811754006002722073e-01
1.060000000000000719e+00 1.805657947818290199e-01
1.050000000000000711e+00 1.799643220471044969e-01
1.050000000000000711e+00 1.793848995192752760e-01
1.050000000000000711e+00 1.788188778194907402e-01
1.050000000000000711e+00 1.782657638129660216e-01
1.050000000000000711e+00 1.777250810716150542e-01
1.050000000000000711e+00 1.771963369770920005e-01
1.040000000000000702e+00 1.766730317552118734e-01
1.040000000000000702e+00 1.761682461079270290e-01
1.040000000000000702e+00 1.756741622578498474e-01
1.040000000000000702e+00 1.751904202670071242e-01
1.040000000000000702e+00 1.747166749931964580e-01
1.040000000000000702e+00 1.742525931752896551e-01
1.040000000000000702e+00 1.737978435985671755e-01
1.030000000000000693e+00 1.733455076624056401e-01
1.030000000000000693e+00 1.729095009865503629e-01
1.030000000000000693e+00 1.724819357493650729e-01
1.030000000000000693e+00 1.720625540874029802e-01
1.030000000000000693e+00 1.716511087091458221e-01
1.030000000000000693e+00 1.712473622577006249e-01
1.030000000000000693e+00 1.708510866244395132e-01
1.030000000000000693e+00 1.704620620962347677e-01
1.030000000000000693e+00 1.700800759531597706e-01
1.030000000000000693e+00 1.697049187301755968e-01
1.030000000000000693e+00 1.693363576150486438e-01
1.020000000000000684e+00 1.689682486074851886e-01
1.020000000000000684e+00 1.686130810776288180e-01
1.020000000000000684e+00 1.682639973183866489e-01
1.020000000000000684e+00 1.679208343803789694e-01
1.020000000000000684e+00 1.675834353308682800e-01
1.020000000000000684e+00 1.672516489719446664e-01
1.020000000000000684e+00 1.669253295726100539e-01
1.020000000000000684e+00 1.666043366132190784e-01
1.020000000000000684e+00 1.662885345403606607e-01
1.020000000000000684e+00 1.659777925295195522e-01
1.020000000000000684e+00 1.656719842513136032e-01
1.020000000000000684e+00 1.653709876337421114e-01
1.020000000000000684e+00 1.650746846049319094e-01
1.020000000000000684e+00 1.647829607797607065e-01
1.020000000000000684e+00 1.644957049877026345e-01
1.020000000000000684e+00 1.642128082742946305e-01
1.020000000000000684e+00 1.639341603445580720e-01
1.010000000000000675e+00 1.636535162637606233e-01
1.010000000000000675e+00 1.633834176366011359e-01
1.010000000000000675e+00 1.631172802715492309e-01
1.010000000000000675e+00 1.628550150945527464e-01
1.010000000000000675e+00 1.625965358287427831e-01
1.010000000000000675e+00 1.623417588830572966e-01
1.010000000000000675e+00 1.620906032461491286e-01
1.010000000000000675e+00 1.618429903852902918e-01
1.010000000000000675e+00 1.615988441500024186e-01
1.010000000000000675e+00 1.613580906801560799e-01
1.010000000000000675e+00 1.611206583183044105e-01
1.010000000000000675e+00 1.608864775260200053e-01
1.010000000000000675e+00 1.606554808040301929e-01
1.010000000000000675e+00 1.604276026159443536e-01
1.010000000000000675e+00 1.602027793153927848e-01
1.010000000000000675e+00 1.599809490763976216e-01
1.010000000000000675e+00 1.597620518268079715e-01
1.010000000000000675e+00 1.595460291846476086e-01
1.010000000000000675e+00 1.593328243972263747e-01
1.010000000000000675e+00 1.591223822828747858e-01
1.010000000000000675e+00 1.589146491751749490e-01
1.010000000000000675e+00 1.587095728695635810e-01
