5.629999999999924398e+00 5.051488650709704542e-01
5.539999999999926317e+00 5.033198926338655621e-01
5.449999999999928235e+00 5.015082819776716105e-01
5.369999999999929940e+00 4.997217315591696574e-01
5.289999999999931646e+00 4.979649389171468266e-01
5.219999999999933138e+00 4.962407813785858490e-01
5.159999999999934417e+00 4.945508224042462486e-01
5.099999999999935696e+00 4.928956605321794804e-01
5.049999999999936762e+00 4.912754532755833070e-01
4.989999999999938041e+00 4.896897616049760704e-01
4.949999999999938893e+00 4.881382200238225111e-01
4.899999999999939959e+00 4.866198671824730204e-01
4.859999999999940812e+00 4.851339644668518081e-01
4.819999999999941664e+00 4.836795216792427743e-01
4.779999999999942517e+00 4.822555778088410960e-01
4.739999999999943370e+00 4.808611485757414150e-01
4.699999999999944222e+00 4.794952441324555337e-01
4.669999999999944862e+00 4.781570035782666817e-01
4.639999999999945501e+00 4.768453881230661495e-01
4.609999999999946141e+00 4.755594927691234597e-01
4.579999999999946780e+00 4.742984364579377887e-01
4.549999999999947420e+00 4.730613655206831192e-01
4.519999999999948059e+00 4.718474553178556574e-01
4.489999999999948699e+00 4.706559103557834134e-01
4.469999999999949125e+00 4.694860790891404734e-01
4.439999999999949765e+00 4.683370513900665943e-01
4.419999999999950191e+00 4.672083203534999063e-01
4.399999999999950617e+00 4.660991187879873210e-01
4.369999999999951257e+00 4.650087414612636971e-01
4.349999999999951683e+00 4.639367583224370262e-01
4.329999999999952109e+00 4.628824921074446430e-01
4.309999999999952536e+00 4.618453901633011727e-01
4.289999999999952962e+00 4.608249224329326599e-01
4.269999999999953388e+00 4.598205805732756835e-01
4.249999999999953815e+00 4.588318769349439830e-01
4.239999999999954028e+00 4.578584405925305578e-01
4.219999999999954454e+00 4.568996549679822938e-01
4.199999999999954881e+00 4.559551661543426726e-01
4.179999999999955307e+00 4.550245598908136957e-01
4.169999999999955520e+00 4.541075613496262653e-01
4.149999999999955946e+00 4.532035894900863782e-01
4.139999999999956160e+00 4.523124674843117532e-01
4.119999999999956586e+00 4.514336791579040553e-01
4.109999999999956799e+00 4.505670553141847834e-01
4.089999999999957225e+00 4.497121093896649380e-01
4.079999999999957438e+00 4.488687080898908777e-01
4.059999999999957865e+00 4.480363620539123959e-01
4.049999999999958078e+00 4.472150018734521448e-01
4.039999999999958291e+00 4.464042280593378265e-01
4.029999999999958504e+00 4.456037798373307379e-01
4.009999999999958931e+00 4.448133408957548052e-01
3.999999999999958700e+00 4.440328223117279149e-01
3.989999999999958913e+00 4.432618968929303294e-01
3.979999999999959126e+00 4.425003383431639348e-01
3.959999999999959552e+00 4.417478395529330082e-01
3.949999999999959766e+00 4.410043812183862544e-01
3.939999999999959979e+00 4.402696527137324733e-01
3.929999999999960192e+00 4.395434568143072873e-01
3.919999999999960405e+00 4.388256026865068882e-01
3.909999999999960618e+00 4.381159056508188709e-01
3.899999999999960831e+00 4.374141869466547372e-01
3.889999999999961044e+00 4.367202735001043390e-01
3.879999999999961258e+00 4.360339976961608577e-01
3.869999999999961471e+00 4.353551971573569879e-01
3.859999999999961684e+00 4.346837145302269723e-01
3.849999999999961897e+00 4.340193972796901889e-01
3.839999999999962110e+00 4.333620974903830136e-01
3.829999999999962323e+00 4.327116716738962920e-01
3.819999999999962537e+00 4.320679805815662577e-01
3.809999999999962750e+00 4.314308890229361926e-01
3.799999999999962963e+00 4.308002656902256700e-01
3.799999999999962963e+00 4.301760951673511690e-01
3.789999999999963176e+00 4.295580485078602795e-01
3.779999999999963389e+00 4.289461007167401085e-01
3.769999999999963602e+00 4.283401349010921288e-01
3.759999999999963816e+00 4.277400371937115087e-01
3.759999999999963816e+00 4.271457962703531508e-01
3.749999999999964029e+00 4.265571321578980335e-01
3.739999999999964242e+00 4.259740150421412186e-01
3.729999999999964455e+00 4.253963434690069545e-01
3.719999999999964668e+00 4.248240177495574144e-01
3.719999999999964668e+00 4.242570647213594337e-01
3.709999999999964881e+00 4.236951772196180799e-01
3.699999999999965095e+00 4.231383556169452942e-01
3.699999999999965095e+00 4.225866142612478282e-01
3.689999999999965308e+00 4.220396945044840864e-01
3.679999999999965521e+00 4.214975811927449412e-01
3.669999999999965734e+00 4.209601909221506455e-01
3.669999999999965734e+00 4.204275794007660272e-01
3.659999999999965947e+00 4.198994376923070315e-01
3.649999999999966160e+00 4.193757844154132886e-01
3.649999999999966160e+00 4.188566858976852658e-01
3.639999999999966374e+00 4.183418323195178812e-01
3.639999999999966374e+00 4.178313575174232852e-01
3.629999999999966587e+00 4.173250218076376417e-01
3.619999999999966800e+00 4.168228208393890410e-01
3.619999999999966800e+00 4.163248152104669919e-01
3.609999999999967013e+00 4.158307343090366093e-01
3.609999999999967013e+00 4.153406986260944067e-01
3.599999999999967226e+00 4.148544880091384890e-01
3.599999999999967226e+00 4.148544880091384890e-01
3.539999999999968505e+00 4.101947137367709662e-01
3.499999999999969358e+00 4.058674506123612358e-01
3.449999999999970424e+00 4.018297046384717852e-01
3.409999999999971276e+00 3.980467133168086868e-01
3.369999999999972129e+00 3.944893937831856490e-01
3.339999999999972768e+00 3.911335877503949177e-01
3.309999999999973408e+00 3.879585757306800442e-01
3.279999999999974047e+00 3.849467862722730782e-01
3.249999999999974687e+00 3.820830668268037078e-01
3.229999999999975113e+00 3.793544226251032714e-01
3.209999999999975540e+00 3.767492369616177728e-01
3.179999999999976179e+00 3.742573594044329988e-01
3.159999999999976605e+00 3.718701084663214584e-01
3.139999999999977032e+00 3.695794737743928748e-01
3.129999999999977245e+00 3.673785418458446750e-01
3.109999999999977671e+00 3.652607939757170907e-01
3.089999999999978098e+00 3.632206594150830248e-01
3.079999999999978311e+00 3.612531545904184016e-01
3.059999999999978737e+00 3.593534361007520439e-01
3.049999999999978950e+00 3.575175229236822183e-01
3.039999999999979163e+00 3.557414644864699271e-01
3.019999999999979590e+00 3.540216965861392451e-01
3.009999999999979803e+00 3.523552089429561884e-01
2.999999999999980016e+00 3.507389565329371850e-01
2.989999999999980229e+00 3.491702395253933888e-01
2.979999999999980442e+00 3.476465666956579104e-01
2.969999999999980655e+00 3.461656347041413007e-01
2.959999999999980869e+00 3.447253097653378284e-01
2.949999999999981082e+00 3.433236114559330976e-01
2.939999999999981295e+00 3.419586984095414062e-01
2.929999999999981508e+00 3.406288555964550602e-01
2.919999999999981721e+00 3.393324829570201762e-01
2.909999999999981934e+00 3.380680852347620613e-01
2.909999999999981934e+00 3.368343890929806350e-01
2.899999999999982148e+00 3.356298654679761850e-01
2.889999999999982361e+00 3.344533811954814029e-01
2.889999999999982361e+00 3.333038859379139351e-01
2.879999999999982574e+00 3.321801218086335439e-01
2.869999999999982787e+00 3.310811330827749255e-01
2.869999999999982787e+00 3.300060675594085335e-01
2.859999999999983000e+00 3.289538345884032711e-01
2.849999999999983213e+00 3.279236408893879129e-01
2.849999999999983213e+00 3.269148161133130226e-01
2.839999999999983427e+00 3.259263549926950665e-01
2.839999999999983427e+00 3.249577529234599638e-01
2.829999999999983640e+00 3.240081045130328019e-01
2.829999999999983640e+00 3.230769638996693338e-01
2.819999999999983853e+00 3.221634984011983449e-01
2.819999999999983853e+00 3.212673277136067207e-01
2.809999999999984066e+00 3.203876682052172464e-01
2.809999999999984066e+00 3.195242120497110427e-01
2.809999999999984066e+00 3.186763082348362808e-01
2.799999999999984279e+00 3.178434135484471956e-01
2.799999999999984279e+00 3.170252228668178907e-01
2.789999999999984492e+00 3.162211065067924154e-01
2.789999999999984492e+00 3.154308470176678258e-01
2.789999999999984492e+00 3.146539121043743781e-01
2.779999999999984706e+00 3.138898419586702015e-01
2.779999999999984706e+00 3.131384462594818952e-01
2.779999999999984706e+00 3.123992570261926449e-01
2.769999999999984919e+00 3.116718606339751729e-01
2.769999999999984919e+00 3.109561074937234881e-01
2.769999999999984919e+00 3.102515747603161178e-01
2.759999999999985132e+00 3.095578789073998860e-01
2.759999999999985132e+00 3.088749236758764338e-01
2.759999999999985132e+00 3.082023149127308126e-01
2.759999999999985132e+00 3.075397842845573049e-01
2.749999999999985345e+00 3.068870038728138128e-01
2.749999999999985345e+00 3.062438910241213064e-01
2.749999999999985345e+00 3.056101074644790305e-01
2.749999999999985345e+00 3.049854220968393759e-01
2.739999999999985558e+00 3.043695415030655549e-01
2.739999999999985558e+00 3.037624165305759516e-01
2.739999999999985558e+00 3.031637432716339786e-01
2.739999999999985558e+00 3.025733217650786178e-01
2.729999999999985771e+00 3.019908749073993426e-01
2.729999999999985771e+00 3.014164051831336177e-01
2.729999999999985771e+00 3.008496250220250579e-01
2.729999999999985771e+00 3.002903602032341301e-01
2.729999999999985771e+00 2.997384420420706186e-01
2.719999999999985985e+00 2.991936207088708444e-01
2.719999999999985985e+00 2.986559299652792876e-01
2.719999999999985985e+00 2.981251101237087919e-01
2.719999999999985985e+00 2.976010131959163085e-01
2.719999999999985985e+00 2.970834957371225049e-01
2.719999999999985985e+00 2.965724185961475801e-01
2.709999999999986198e+00 2.960675606777574687e-01
2.709999999999986198e+00 2.955689792608670596e-01
2.709999999999986198e+00 2.950764444929255825e-01
2.709999999999986198e+00 2.945898333953024806e-01
2.709999999999986198e+00 2.941090265741610477e-01
2.709999999999986198e+00 2.936339080745153374e-01
2.709999999999986198e+00 2.931643652169943493e-01
2.709999999999986198e+00 2.927002882487275137e-01
2.699999999999986411e+00 2.922414953660094628e-01
2.699999999999986411e+00 2.917880470174923357e-01
2.699999999999986411e+00 2.913397539805347436e-01
2.699999999999986411e+00 2.908965186320439100e-01
2.699999999999986411e+00 2.904582460051732817e-01
2.699999999999986411e+00 2.904582460051732817e-01
2.689999999999986624e+00 2.863292583644839184e-01
2.679999999999986837e+00 2.826086885796305070e-01
2.679999999999986837e+00 2.792339217236023963e-01
2.679999999999986837e+00 2.761552246588702686e-01
2.679999999999986837e+00 2.733327035798184812e-01
2.679999999999986837e+00 2.707338139285495604e-01
2.679999999999986837e+00 2.683316778046725415e-01
2.679999999999986837e+00 2.661038540498189553e-01
2.679999999999986837e+00 2.640314225497334966e-01
2.689999999999986624e+00 2.620983870030447749e-01
2.689999999999986624e+00 2.602908030180943189e-01
2.699999999999986411e+00 2.585969143053381547e-01
2.699999999999986411e+00 2.570062423418885134e-01
2.709999999999986198e+00 2.555098892797478816e-01
2.719999999999985985e+00 2.540998301527149228e-01
2.719999999999985985e+00 2.527690098127279295e-01
2.729999999999985771e+00 2.515113136311812880e-01
2.739999999999985558e+00 2.503211290296029623e-01
2.739999999999985558e+00 2.491934411975213759e-01
2.749999999999985345e+00 2.481239153929150065e-01
2.759999999999985132e+00 2.471084641822030303e-01
2.769999999999984919e+00 2.461434562178008711e-01
2.779999999999984706e+00 2.452255976910085455e-01
2.779999999999984706e+00 2.443518422063740980e-01
2.789999999999984492e+00 2.435195673484822632e-01
2.799999999999984279e+00 2.427262127654629675e-01
2.809999999999984066e+00 2.419694879892325123e-01
2.819999999999983853e+00 2.412472885827705305e-01
2.829999999999983640e+00 2.405576768175654023e-01
2.839999999999983427e+00 2.398988647687004261e-01
2.849999999999983213e+00 2.392691994598286631e-01
2.849999999999983213e+00 2.386671050691879237e-01
2.859999999999983000e+00 2.380912565914868606e-01
2.869999999999982787e+00 2.375402824464373508e-01
2.879999999999982574e+00 2.370129534339254773e-01
2.889999999999982361e+00 2.365081233917228909e-01
2.899999999999982148e+00 2.360247219905665383e-01
2.909999999999981934e+00 2.355617482868864465e-01
2.919999999999981721e+00 2.351182649399796987e-01
2.929999999999981508e+00 2.346933930132117374e-01
2.939999999999981295e+00 2.342863072890084553e-01
2.949999999999981082e+00 2.338962320331490208e-01
2.959999999999980869e+00 2.335224371206321148e-01
2.959999999999980869e+00 2.331641981858241508e-01
2.969999999999980655e+00 2.328209441699366222e-01
2.979999999999980442e+00 2.324920213470315355e-01
2.989999999999980229e+00 2.321768507949032445e-01
2.999999999999980016e+00 2.318748848174871924e-01
3.009999999999979803e+00 2.315856047732395284e-01
3.019999999999979590e+00 2.313085190872141150e-01
3.029999999999979376e+00 2.310431614280986368e-01
3.039999999999979163e+00 2.307890890325950961e-01
3.049999999999978950e+00 2.305458811565371247e-01
3.059999999999978737e+00 2.303131375839932993e-01
3.059999999999978737e+00 2.300904459576859906e-01
3.069999999999978524e+00 2.298775118047874100e-01
3.079999999999978311e+00 2.296739528671541131e-01
3.089999999999978098e+00 2.294794394655957082e-01
3.099999999999977884e+00 2.292936569436010152e-01
3.109999999999977671e+00 2.291163047826963728e-01
3.119999999999977458e+00 2.289470957769260406e-01
3.129999999999977245e+00 2.287857552441048270e-01
3.129999999999977245e+00 2.286319886777529453e-01
3.139999999999977032e+00 2.284856133881678075e-01
3.149999999999976819e+00 2.283463510406483488e-01
3.159999999999976605e+00 2.282139706391912715e-01
3.169999999999976392e+00 2.280882506591096759e-01
3.179999999999976179e+00 2.279689785398189839e-01
3.189999999999975966e+00 2.278559501816677380e-01
3.189999999999975966e+00 2.277489403282234037e-01
3.199999999999975753e+00 2.276478252543688297e-01
3.209999999999975540e+00 2.275523883631444255e-01
3.219999999999975326e+00 2.274624555344143262e-01
3.229999999999975113e+00 2.273778592145836441e-01
3.239999999999974900e+00 2.272984380481304634e-01
3.239999999999974900e+00 2.272240098032580480e-01
3.249999999999974687e+00 2.271544851629053730e-01
3.259999999999974474e+00 2.270896861317776294e-01
3.269999999999974261e+00 2.270294736431613669e-01
3.279999999999974047e+00 2.269737135135012629e-01
3.279999999999974047e+00 2.269222494368635379e-01
3.289999999999973834e+00 2.268750171623334089e-01
3.299999999999973621e+00 2.268318617722069330e-01
3.309999999999973408e+00 2.267926667427261900e-01
3.319999999999973195e+00 2.267573193825149214e-01
3.319999999999973195e+00 2.267256877718326347e-01
3.329999999999972982e+00 2.266977201712455370e-01
3.339999999999972768e+00 2.266732839313721215e-01
3.349999999999972555e+00 2.266522805643812200e-01
3.349999999999972555e+00 2.266345905017969620e-01
3.359999999999972342e+00 2.266201777216710622e-01
3.369999999999972129e+00 2.266089203729880763e-01
3.379999999999971916e+00 2.266007319371091122e-01
3.379999999999971916e+00 2.265955055181727573e-01
3.389999999999971703e+00 2.265932140276664397e-01
3.399999999999971489e+00 2.265937470509809260e-01
3.409999999999971276e+00 2.265970281907052908e-01
3.409999999999971276e+00 2.266029637676800212e-01
3.419999999999971063e+00 2.266115295237334792e-01
