1.177999999999979330e+01 8.564252009087585105e-01
1.159999999999979714e+01 8.460652092534520774e-01
1.142999999999980076e+01 8.365116243165755527e-01
1.128999999999980375e+01 8.276512062115146673e-01
1.114999999999980673e+01 8.193930389831759475e-01
1.102999999999980929e+01 8.116630076689428375e-01
1.091999999999981164e+01 8.043998851399157823e-01
1.081999999999981377e+01 7.975525008870757437e-01
1.071999999999981590e+01 7.910776475694930587e-01
1.063999999999981760e+01 7.849385079697029921e-01
1.054999999999981952e+01 7.791034502666875916e-01
1.047999999999982101e+01 7.735450990202568100e-01
1.040999999999982251e+01 7.682396011742701480e-01
1.033999999999982400e+01 7.631660476520569780e-01
1.027999999999982528e+01 7.583060074392277139e-01
1.021999999999982656e+01 7.536431503888558758e-01
1.015999999999982784e+01 7.491629399931920563e-01
1.010999999999982890e+01 7.448523801362053609e-01
1.005999999999982997e+01 7.406998044435900708e-01
1.000999999999983103e+01 7.366947014638270952e-01
9.959999999999832099e+00 7.328275670158875821e-01
9.919999999999832951e+00 7.290897800057443146e-01
9.879999999999833804e+00 7.254734956027288906e-01
9.839999999999834657e+00 7.219715556595965866e-01
9.799999999999835509e+00 7.185774106973328301e-01
9.769999999999836149e+00 7.152850531986929550e-01
9.729999999999837001e+00 7.120889586882747091e-01
9.699999999999837641e+00 7.089840367876257821e-01
9.669999999999838280e+00 7.059655856659389217e-01
9.639999999999838920e+00 7.030292543595283439e-01
9.609999999999839559e+00 7.001710085833621200e-01
9.579999999999840199e+00 6.973871008156419249e-01
9.549999999999840838e+00 6.946740438285062824e-01
9.529999999999841265e+00 6.920285875416188892e-01
9.499999999999841904e+00 6.894476969506315722e-01
9.479999999999842331e+00 6.869285354059826432e-01
9.459999999999842757e+00 6.844684460266643455e-01
9.429999999999843396e+00 6.820649376796754648e-01
9.409999999999843823e+00 6.797156721513255562e-01
9.389999999999844249e+00 6.774184505483695773e-01
9.369999999999844675e+00 6.751712034451538003e-01
9.349999999999845102e+00 6.729719807091300021e-01
9.329999999999845528e+00 6.708189425448669585e-01
9.319999999999845741e+00 6.687103516786704338e-01
9.299999999999846167e+00 6.666445647891502402e-01
9.279999999999846594e+00 6.646200274082886272e-01
9.269999999999846807e+00 6.626352670416633117e-01
9.249999999999847233e+00 6.606888866955294981e-01
9.239999999999847446e+00 6.587795614634835983e-01
9.219999999999847873e+00 6.569060319674197013e-01
9.209999999999848086e+00 6.550671017635948390e-01
9.189999999999848512e+00 6.532616315718430267e-01
9.179999999999848725e+00 6.514885375269106049e-01
9.169999999999848939e+00 6.497467859251745415e-01
9.159999999999849152e+00 6.480353912653835646e-01
9.139999999999849578e+00 6.463534128282117930e-01
9.129999999999849791e+00 6.446999528306810445e-01
9.119999999999850004e+00 6.430741526102348171e-01
9.109999999999850218e+00 6.414751912732843397e-01
9.099999999999850431e+00 6.399022832966717589e-01
9.089999999999850644e+00 6.383546765374845666e-01
9.079999999999850857e+00 6.368316503803975737e-01
9.069999999999851070e+00 6.353325140113507130e-01
9.059999999999851283e+00 6.338566048074065762e-01
9.049999999999851497e+00 6.324032868335476287e-01
9.039999999999851710e+00 6.309719494380019444e-01
9.029999999999851923e+00 6.295620059384251510e-01
9.019999999999852136e+00 6.281728923920147922e-01
9.019999999999852136e+00 6.268040667322711812e-01
9.009999999999852349e+00 6.254550066047555035e-01
8.999999999999852562e+00 6.241252098875395005e-01
8.989999999999852776e+00 6.228141927685576507e-01
8.989999999999852776e+00 6.215214893723525202e-01
8.979999999999852989e+00 6.202466498577894338e-01
8.969999999999853202e+00 6.189892410853752303e-01
8.969999999999853202e+00 6.177488452585551126e-01
8.959999999999853415e+00 6.165250584079252638e-01
8.949999999999853628e+00 6.153174911018860493e-01
8.949999999999853628e+00 6.141257673299227449e-01
8.939999999999853841e+00 6.129495229017891678e-01
8.939999999999853841e+00 6.117884067842558338e-01
8.929999999999854055e+00 6.106420785917735516e-01
8.929999999999854055e+00 6.095102099155039754e-01
8.919999999999854268e+00 6.083924821280803918e-01
8.919999999999854268e+00 6.072885875882164664e-01
8.909999999999854481e+00 6.061982275936340647e-01
8.909999999999854481e+00 6.051211136022340842e-01
8.899999999999854694e+00 6.040569651880126623e-01
8.899999999999854694e+00 6.030055114085215440e-01
8.889999999999854907e+00 6.019664886247404478e-01
8.889999999999854907e+00 6.009396421466367544e-01
8.889999999999854907e+00 5.999247240409388837e-01
8.879999999999855120e+00 5.989214938489458850e-01
8.879999999999855120e+00 5.979297187317363926e-01
8.879999999999855120e+00 5.969491719228250393e-01
8.869999999999855333e+00 5.959796332707804067e-01
8.869999999999855333e+00 5.950208894277457805e-01
8.869999999999855333e+00 5.940727324439417645e-01
8.859999999999855547e+00 5.931349602454469849e-01
8.859999999999855547e+00 5.922073769298463741e-01
8.859999999999855547e+00 5.922073769298463741e-01
8.839999999999855973e+00 5.834523485173018775e-01
8.819999999999856399e+00 5.755349791286704653e-01
8.819999999999856399e+00 5.683263558936497706e-01
8.809999999999856612e+00 5.617246651538373436e-01
8.819999999999856399e+00 5.556481502552111928e-01
8.829999999999856186e+00 5.500302066350070129e-01
8.839999999999855973e+00 5.448158869170902641e-01
8.859999999999855547e+00 5.399593535846196612e-01
8.869999999999855333e+00 5.354219882673322273e-01
8.889999999999854907e+00 5.311709662922510233e-01
8.919999999999854268e+00 5.271781635951937606e-01
8.939999999999853841e+00 5.234193088753841261e-01
8.969999999999853202e+00 5.198733187153611324e-01
8.999999999999852562e+00 5.165217677327373913e-01
9.029999999999851923e+00 5.133484651351892802e-01
9.059999999999851283e+00 5.103391112904289706e-01
9.089999999999850644e+00 5.074810175673545309e-01
9.119999999999850004e+00 5.047628758849853625e-01
9.159999999999849152e+00 5.021745679634624926e-01
9.189999999999848512e+00 4.997070054719833787e-01
9.229999999999847660e+00 4.973519974056679893e-01
9.269999999999846807e+00 4.951021362999838971e-01
9.299999999999846167e+00 4.929507030077194818e-01
9.339999999999845315e+00 4.908915852928918411e-01
9.379999999999844462e+00 4.889192071890483549e-01
9.419999999999843610e+00 4.870284692424893258e-01
9.459999999999842757e+00 4.852146962967217592e-01
9.499999999999841904e+00 4.834735922856323032e-01
9.539999999999841052e+00 4.818012008448275263e-01
9.579999999999840199e+00 4.801938708692517488e-01
9.619999999999839346e+00 4.786482262934644294e-01
9.669999999999838280e+00 4.771611395846359072e-01
9.709999999999837428e+00 4.757297079048258270e-01
9.749999999999836575e+00 4.743512328106011533e-01
9.789999999999835723e+00 4.730232014687138498e-01
9.839999999999834657e+00 4.717432703785833792e-01
9.879999999999833804e+00 4.705092503611246757e-01
9.919999999999832951e+00 4.693190938788350808e-01
9.969999999999831886e+00 4.681708830702691615e-01
1.000999999999983103e+01 4.670628188920890600e-01
1.005999999999982997e+01 4.659932120974865644e-01
1.009999999999982911e+01 4.649604741064690683e-01
1.013999999999982826e+01 4.639631096017021727e-01
1.018999999999982720e+01 4.629997093858311819e-01
1.022999999999982634e+01 4.620689436529811789e-01
1.027999999999982528e+01 4.611695567337457669e-01
1.031999999999982442e+01 4.603003611656240057e-01
1.036999999999982336e+01 4.594602334524757747e-01
1.040999999999982251e+01 4.586481090371803959e-01
1.045999999999982144e+01 4.578629788502618370e-01
1.050999999999982037e+01 4.571038850457551095e-01
1.054999999999981952e+01 4.563699178971277748e-01
1.059999999999981846e+01 4.556602127268217783e-01
1.063999999999981760e+01 4.549739466911859598e-01
1.068999999999981654e+01 4.543103365393285076e-01
1.073999999999981547e+01 4.536686357553815774e-01
1.077999999999981462e+01 4.530481325169928297e-01
1.082999999999981355e+01 4.524481476605995978e-01
1.086999999999981270e+01 4.518680324563425499e-01
1.091999999999981164e+01 4.513071671779699257e-01
1.096999999999981057e+01 4.507649590621144453e-01
1.100999999999980972e+01 4.502408409576436621e-01
1.105999999999980865e+01 4.497342699610052397e-01
1.109999999999980780e+01 4.492447257738606536e-01
1.114999999999980673e+01 4.487717098401090565e-01
1.119999999999980567e+01 4.483147437882752384e-01
1.123999999999980481e+01 4.478733685485232763e-01
1.128999999999980375e+01 4.474471434330668518e-01
1.133999999999980268e+01 4.470356448975491004e-01
1.137999999999980183e+01 4.466384658273430674e-01
1.142999999999980076e+01 4.462552147853051654e-01
1.147999999999979970e+01 4.458855149843899968e-01
1.151999999999979885e+01 4.455290037072949794e-01
1.156999999999979778e+01 4.451853316834004093e-01
1.160999999999979693e+01 4.448541621978259197e-01
1.165999999999979586e+01 4.445351708002958091e-01
1.170999999999979480e+01 4.442280444112503002e-01
1.174999999999979394e+01 4.439324809544100692e-01
1.179999999999979288e+01 4.436481889250070698e-01
1.184999999999979181e+01 4.433748866805587996e-01
1.188999999999979096e+01 4.431123021355458103e-01
1.193999999999978989e+01 4.428601723888603847e-01
1.197999999999978904e+01 4.426182431091628677e-01
1.202999999999978797e+01 4.423862684253495603e-01
1.207999999999978691e+01 4.421640102958482310e-01
1.211999999999978606e+01 4.419512383173425096e-01
1.216999999999978499e+01 4.417477294484352668e-01
1.220999999999978414e+01 4.415532675085296899e-01
1.225999999999978307e+01 4.413676431339836892e-01
1.229999999999978222e+01 4.411906532318979890e-01
1.234999999999978115e+01 4.410221010082105986e-01
1.239999999999978009e+01 4.408617954431749419e-01
1.243999999999977923e+01 4.407095512118828773e-01
1.248999999999977817e+01 4.405651884928571960e-01
1.252999999999977732e+01 4.404285325882330571e-01
1.257999999999977625e+01 4.402994139259611139e-01
1.261999999999977540e+01 4.401776676534229216e-01
1.266999999999977433e+01 4.400631336708469843e-01
1.270999999999977348e+01 4.399556562351248923e-01
1.270999999999977348e+01 4.399556562351248923e-01
1.315999999999976389e+01 4.392376234375311994e-01
1.358999999999975472e+01 4.390815923991149838e-01
1.401999999999974555e+01 4.393852470628785700e-01
1.442999999999973681e+01 4.400675387043628262e-01
1.482999999999972829e+01 4.410631147936330820e-01
1.520999999999972019e+01 4.423184963296709071e-01
1.557999999999971230e+01 4.437893841639473647e-01
1.592999999999970484e+01 4.454387144919191299e-01
1.626999999999974378e+01 4.472352240943688328e-01
1.658999999999979380e+01 4.491523698198887637e-01
1.689999999999984226e+01 4.511674995676098199e-01
1.719999999999988916e+01 4.532612048264666460e-01
1.747999999999993292e+01 4.554168069406917541e-01
1.773999999999997357e+01 4.576199433801099725e-01
1.799000000000001265e+01 4.598582300256198185e-01
1.823000000000005016e+01 4.621209821998284450e-01
1.845000000000008455e+01 4.643989817843487966e-01
1.866000000000011738e+01 4.666842810289121291e-01
1.886000000000014865e+01 4.689700358650072953e-01
1.905000000000017835e+01 4.712503633961928062e-01
1.923000000000020648e+01 4.735202193228703615e-01
1.939000000000023149e+01 4.757752920009033493e-01
1.955000000000025651e+01 4.780119105453587425e-01
1.969000000000027839e+01 4.802269647477391823e-01
1.983000000000030028e+01 4.824178352826224980e-01
1.996000000000032060e+01 4.845823325223807543e-01
2.008000000000033936e+01 4.867186430082206527e-01
2.019000000000035655e+01 4.888252824201493874e-01
2.029000000000037218e+01 4.909010542618289508e-01
2.039000000000038781e+01 4.929450135421036827e-01
2.048000000000040188e+01 4.949564347588785163e-01
2.057000000000041595e+01 4.969347837917493238e-01
2.065000000000042846e+01 4.988796930563353937e-01
2.072000000000043940e+01 5.007909396886232045e-01
2.079000000000045034e+01 5.026684262885328103e-01
2.085000000000045972e+01 5.045121639326164420e-01
2.091000000000046910e+01 5.063222572657996023e-01
2.097000000000047848e+01 5.080988913060516809e-01
2.102000000000048630e+01 5.098423198582562321e-01
2.106000000000049255e+01 5.115528553207228102e-01
2.111000000000050036e+01 5.132308597149116691e-01
2.114000000000050505e+01 5.148767367347067969e-01
2.118000000000051131e+01 5.164909248934784758e-01
2.121000000000051600e+01 5.180738913382836319e-01
2.124000000000052069e+01 5.196261265773916005e-01
2.127000000000052538e+01 5.211481397553742179e-01
2.129000000000052850e+01 5.226404545528914314e-01
2.132000000000053319e+01 5.241036056420161904e-01
2.134000000000053632e+01 5.255381354909027802e-01
2.135000000000053788e+01 5.269445916967694377e-01
2.137000000000054101e+01 5.283235246161587240e-01
2.138000000000054257e+01 5.296754852597000962e-01
2.139000000000054413e+01 5.310010235818561908e-01
2.140000000000054570e+01 5.323006869168306343e-01
2.141000000000054726e+01 5.335750186742029832e-01
2.142000000000054882e+01 5.348245572192341646e-01
2.143000000000055039e+01 5.360498349222549974e-01
2.143000000000055039e+01 5.372513773534568493e-01
2.143000000000055039e+01 5.384297026252141682e-01
2.143000000000055039e+01 5.395853208222516351e-01
2.143000000000055039e+01 5.407187335506895565e-01
2.143000000000055039e+01 5.418304335724740683e-01
2.143000000000055039e+01 5.429209045179996806e-01
2.143000000000055039e+01 5.439906206672088240e-01
2.143000000000055039e+01 5.450400467905558433e-01
2.142000000000054882e+01 5.460696380355557489e-01
2.142000000000054882e+01 5.470798398961835840e-01
2.141000000000054726e+01 5.480710881312375049e-01
2.140000000000054570e+01 5.490438088364556490e-01
2.140000000000054570e+01 5.499984184679043153e-01
2.139000000000054413e+01 5.509353238649533635e-01
2.138000000000054257e+01 5.518549224088854510e-01
2.137000000000054101e+01 5.527576020871672879e-01
2.136000000000053944e+01 5.536437416258160882e-01
2.135000000000053788e+01 5.545137106251988302e-01
2.134000000000053632e+01 5.553678697066670722e-01
2.133000000000053475e+01 5.562065706681479371e-01
2.132000000000053319e+01 5.570301566469334498e-01
2.131000000000053163e+01 5.578389622881561039e-01
2.130000000000053006e+01 5.586333139175995166e-01
2.128000000000052694e+01 5.594135297074331881e-01
2.127000000000052538e+01 5.601799198986154860e-01
2.126000000000052381e+01 5.609327869092570751e-01
2.125000000000052225e+01 5.616724255651134312e-01
2.123000000000051912e+01 5.623991232583850364e-01
2.122000000000051756e+01 5.631131601613563742e-01
2.120000000000051443e+01 5.638148093353040347e-01
2.119000000000051287e+01 5.645043369977332803e-01
2.118000000000051131e+01 5.651820026048394174e-01
2.116000000000050818e+01 5.658480590753156569e-01
2.115000000000050662e+01 5.665027529762785008e-01
2.113000000000050349e+01 5.671463246242987033e-01
2.112000000000050193e+01 5.677790083293504653e-01
2.110000000000049880e+01 5.684010324718716811e-01
2.109000000000049724e+01 5.690126197443617917e-01
2.107000000000049411e+01 5.696139872209271537e-01
2.106000000000049255e+01 5.702053465902525708e-01
2.104000000000048942e+01 5.707869042229157808e-01
2.102000000000048630e+01 5.713588613792226489e-01
