3.728000000000115222e+01 1.318063148872069101e+00
3.743000000000112237e+01 1.298505774676152580e+00
3.761000000000108656e+01 1.280859014108913119e+00
3.783000000000104279e+01 1.264824811209007915e+00
3.806000000000099703e+01 1.250168631554390730e+00
3.831000000000094730e+01 1.236702753395896970e+00
3.858000000000089358e+01 1.224274691923427083e+00
3.887000000000083588e+01 1.212758978071445837e+00
3.917000000000077620e+01 1.202051192032969285e+00
3.948000000000071452e+01 1.192063549930782118e+00
3.980000000000065086e+01 1.182721583804823284e+00
4.013000000000058520e+01 1.173961606172657435e+00
4.048000000000051557e+01 1.165728747382739794e+00
4.083000000000044594e+01 1.157975417676615715e+00
4.119000000000037431e+01 1.150660088607830422e+00
4.155000000000030269e+01 1.143746317680141233e+00
4.193000000000022709e+01 1.137201960390482380e+00
4.231000000000015149e+01 1.130998528221165422e+00
4.270000000000007390e+01 1.125110661419707059e+00
4.308999999999999631e+01 1.119515692881464908e+00
4.349999999999991473e+01 1.114193284948283624e+00
4.389999999999983515e+01 1.109125125025128167e+00
4.431999999999975159e+01 1.104294668989565187e+00
4.473999999999966803e+01 1.099686923699763064e+00
4.515999999999958447e+01 1.095288261693700305e+00
4.558999999999949893e+01 1.091086262550457153e+00
4.602999999999941139e+01 1.087069576458879139e+00
4.646999999999932385e+01 1.083227806381127589e+00
4.690999999999923631e+01 1.079551405864057845e+00
4.735999999999914678e+01 1.076031590080835265e+00
4.781999999999905526e+01 1.072660258108310005e+00
4.827999999999896374e+01 1.069429924787341113e+00
4.874999999999887024e+01 1.066333660788776116e+00
4.921999999999877673e+01 1.063365039732800055e+00
4.969999999999868123e+01 1.060518091393175988e+00
5.017999999999858574e+01 1.057787260169152477e+00
5.065999999999849024e+01 1.055167368132529981e+00
5.114999999999839275e+01 1.052653582060983029e+00
5.164999999999829328e+01 1.050241383955065722e+00
5.214999999999819380e+01 1.047926544608442034e+00
5.264999999999809432e+01 1.045705099861440557e+00
5.315999999999799286e+01 1.043573329219285473e+00
5.367999999999788940e+01 1.041527736559079598e+00
5.419999999999778595e+01 1.039565032686825541e+00
5.471999999999768249e+01 1.037682119536581293e+00
5.524999999999757705e+01 1.035876075830568066e+00
5.577999999999747160e+01 1.034144144041820867e+00
5.631999999999736417e+01 1.032483718520825100e+00
5.685999999999725674e+01 1.030892334664017529e+00
5.740999999999714731e+01 1.029367659017059511e+00
5.795999999999703789e+01 1.027907480218021030e+00
5.850999999999692847e+01 1.026509700697005201e+00
5.906999999999681705e+01 1.025172329057799203e+00
5.963999999999670365e+01 1.023893473075811578e+00
6.020999999999659025e+01 1.022671333253744042e+00
6.077999999999647684e+01 1.021504196882833337e+00
6.135999999999636145e+01 1.020390432562743976e+00
6.193999999999624606e+01 1.019328485138864204e+00
6.252999999999612868e+01 1.018316871019395053e+00
6.311999999999601130e+01 1.017354173838604270e+00
6.371999999999589193e+01 1.016439040436432295e+00
6.431999999999599993e+01 1.015570177127028462e+00
6.491999999999630688e+01 1.014746346231939489e+00
6.552999999999661895e+01 1.013966362855749592e+00
6.613999999999693102e+01 1.013229091884292998e+00
6.675999999999724821e+01 1.012533445187292491e+00
6.737999999999756540e+01 1.011878379009034878e+00
6.800999999999788770e+01 1.011262891532247910e+00
6.863999999999821000e+01 1.010686020601582857e+00
6.927999999999853742e+01 1.010146841594467659e+00
6.991999999999886484e+01 1.009644465427862903e+00
7.055999999999919226e+01 1.009178036691175118e+00
7.120999999999952479e+01 1.008746731895416637e+00
7.185999999999985732e+01 1.008349757830374172e+00
7.252000000000019497e+01 1.007986350021943700e+00
7.318000000000053262e+01 1.007655771282296220e+00
7.384000000000087027e+01 1.007357310346549406e+00
7.451000000000121304e+01 1.007090280589580500e+00
7.518000000000155580e+01 1.006854018817665564e+00
7.586000000000190369e+01 1.006647884129836523e+00
7.654000000000225157e+01 1.006471256843966877e+00
7.723000000000260457e+01 1.006323537483686303e+00
7.792000000000295756e+01 1.006204145821655738e+00
7.861000000000331056e+01 1.006112519975934871e+00
7.931000000000366867e+01 1.006048115555643552e+00
8.001000000000402679e+01 1.006010404853019846e+00
8.071000000000438490e+01 1.005998876078958881e+00
8.142000000000474813e+01 1.006013032638906068e+00
8.214000000000511648e+01 1.006052392447258415e+00
8.285000000000547971e+01 1.006116487277400440e+00
8.357000000000584805e+01 1.006204862145411605e+00
8.430000000000622151e+01 1.006317074725409100e+00
8.502000000000658986e+01 1.006452694794715663e+00
8.575000000000696332e+01 1.006611303706971272e+00
8.649000000000734190e+01 1.006792493891693674e+00
8.723000000000772047e+01 1.006995868378626868e+00
8.797000000000809905e+01 1.007221040345767760e+00
8.871000000000847763e+01 1.007467632689247106e+00
8.946000000000886132e+01 1.007735277614378866e+00
9.021000000000924501e+01 1.008023616246386034e+00
9.021000000000924501e+01 1.008023616246386034e+00
9.790000000001317915e+01 1.011971889823685133e+00
1.058500000000172463e+02 1.017648726492273337e+00
1.140000000000214158e+02 1.024797811453710850e+00
1.222800000000256517e+02 1.033201291434472369e+00
1.305900000000262082e+02 1.042668572396483473e+00
1.388700000000186776e+02 1.053029331768650101e+00
1.470100000000112743e+02 1.064129273074064130e+00
1.549400000000040620e+02 1.075827661280615688e+00
1.625999999999970953e+02 1.087995981182372951e+00
1.699099999999904469e+02 1.100517257704205498e+00
1.768399999999841441e+02 1.113285715556977973e+00
1.833199999999782506e+02 1.126206559927692252e+00
1.893499999999727663e+02 1.139195740646363308e+00
1.949099999999677095e+02 1.152179624229838328e+00
1.999799999999630984e+02 1.165094543775268221e+00
2.045799999999589147e+02 1.177886227851017598e+00
2.087099999999551585e+02 1.190509128565745867e+00
2.123899999999518116e+02 1.202925678439878077e+00
2.156399999999488557e+02 1.215105508175605920e+00
2.184899999999462636e+02 1.227024655323974978e+00
2.209599999999440172e+02 1.238664789171509240e+00
2.230799999999420891e+02 1.250012471423054716e+00
2.248699999999404611e+02 1.261058466457592120e+00
2.263699999999390968e+02 1.271797109701718886e+00
2.275999999999379781e+02 1.282225738302199547e+00
2.285699999999370959e+02 1.292344184872937118e+00
2.293299999999364047e+02 1.302154332598411957e+00
2.298799999999359045e+02 1.311659728277779546e+00
2.302499999999355680e+02 1.320865248844310003e+00
2.304599999999353770e+02 1.329776816352910451e+00
2.305299999999353133e+02 1.338401156253836488e+00
2.304599999999353770e+02 1.346745593860987356e+00
2.302799999999355407e+02 1.354817884180549603e+00
2.299999999999357954e+02 1.362626070629663122e+00
2.296299999999361319e+02 1.370178368588867102e+00
2.291699999999365502e+02 1.377483070164304158e+00
2.286499999999370232e+02 1.384548466961363467e+00
2.280699999999375507e+02 1.391382788074155163e+00
2.274299999999381328e+02 1.397994150867577945e+00
2.267499999999387512e+02 1.404390522465619684e+00
2.260199999999394151e+02 1.410579690160148836e+00
2.252599999999401064e+02 1.416569239218488763e+00
2.244799999999408158e+02 1.422366536799916092e+00
2.236599999999415616e+02 1.427978720890414444e+00
2.228299999999423164e+02 1.433412693338084631e+00
2.219699999999430986e+02 1.438675116218028016e+00
2.211099999999438808e+02 1.443772410881975166e+00
2.202299999999446811e+02 1.448710759154645755e+00
2.193399999999454906e+02 1.453496106227603502e+00
2.184499999999463000e+02 1.458134164880831030e+00
2.175499999999471186e+02 1.462630420722369484e+00
2.166399999999479462e+02 1.466990138194094184e+00
2.157399999999487648e+02 1.471218367134218497e+00
2.148399999999495833e+02 1.475319949726619173e+00
2.139399999999504018e+02 1.479299527697864880e+00
2.130399999999512204e+02 1.483161549649754329e+00
2.121399999999520389e+02 1.486910278436587296e+00
2.112499999999528484e+02 1.490549798515303781e+00
2.103599999999536578e+02 1.494084023211107448e+00
2.094799999999544582e+02 1.497516701854323617e+00
2.085999999999552585e+02 1.500851426754018503e+00
2.077299999999560498e+02 1.504091639982803486e+00
2.068699999999568320e+02 1.507240639954257055e+00
2.060199999999576050e+02 1.510301587779634858e+00
2.051699999999583781e+02 1.513277513395724139e+00
2.043299999999591421e+02 1.516171321459191867e+00
2.034999999999598970e+02 1.518985797005724558e+00
2.026799999999606428e+02 1.521723610874981647e+00
2.018699999999613794e+02 1.524387324903666574e+00
2.010599999999621161e+02 1.526979396891517293e+00
2.002699999999628346e+02 1.529502185344918441e+00
1.994799999999635531e+02 1.531957954004776967e+00
1.986999999999642625e+02 1.534348876165236630e+00
1.979399999999649538e+02 1.536677038790638772e+00
1.971799999999656450e+02 1.538944446437886526e+00
1.964199999999663362e+02 1.541153024992592435e+00
1.956799999999670092e+02 1.543304625225772497e+00
1.949499999999676731e+02 1.545401026179672677e+00
1.942299999999683280e+02 1.547443938389680751e+00
1.935099999999689828e+02 1.549435006950184102e+00
1.927999999999696286e+02 1.551375814431364297e+00
1.920999999999702652e+02 1.553267883654196879e+00
1.914199999999708837e+02 1.555112680330269281e+00
1.907299999999715112e+02 1.556911615573356444e+00
1.900599999999721206e+02 1.558666048288566808e+00
1.893999999999727208e+02 1.560377287445702921e+00
1.887399999999733211e+02 1.562046594242202824e+00
1.880899999999739123e+02 1.563675184161534615e+00
1.874499999999744944e+02 1.565264228932138346e+00
1.868199999999750673e+02 1.566814858392040710e+00
1.861999999999756312e+02 1.568328162264030157e+00
1.855799999999761951e+02 1.569805191845925707e+00
1.849699999999767499e+02 1.571246961620104132e+00
1.843699999999772956e+02 1.572654450786783231e+00
1.837799999999778322e+02 1.574028604724752478e+00
1.831899999999783688e+02 1.575370336383022263e+00
1.826099999999788963e+02 1.576680527607679405e+00
1.820399999999794147e+02 1.577960030406275527e+00
1.814699999999799331e+02 1.579209668153807256e+00
1.814699999999799331e+02 1.579209668153807256e+00
1.761699999999847535e+02 1.590226290187148228e+00
1.714599999999890372e+02 1.598987805928082206e+00
1.672499999999928662e+02 1.605984835639787223e+00
1.634699999999963040e+02 1.611581872299687523e+00
1.600499999999994145e+02 1.616054552598169103e+00
1.569500000000022339e+02 1.619614628223593922e+00
1.541200000000048078e+02 1.622427069454969173e+00
1.515300000000071634e+02 1.624622019244524207e+00
1.491500000000093280e+02 1.626303303667649747e+00
1.469600000000113198e+02 1.627554593293890406e+00
1.449200000000131752e+02 1.628443932575684538e+00
1.430300000000148941e+02 1.629027116266441366e+00
1.412700000000164948e+02 1.629350238641829485e+00
1.396300000000179864e+02 1.629451640792322742e+00
1.380900000000193870e+02 1.629363414165656776e+00
1.366500000000206967e+02 1.629112573015673027e+00
1.352900000000219336e+02 1.628721977054571113e+00
1.340100000000230978e+02 1.628211063694540162e+00
1.328000000000241982e+02 1.627596433752384719e+00
1.316600000000252351e+02 1.626892323375287885e+00
1.305700000000262264e+02 1.626110986886527998e+00
1.295500000000271541e+02 1.625263009346659349e+00
1.285700000000280454e+02 1.624357563255972803e+00
1.276400000000283939e+02 1.623402620560047138e+00
1.267600000000279437e+02 1.622405128661140505e+00
1.259100000000275088e+02 1.621371157268159280e+00
1.251100000000270995e+02 1.620306021486937142e+00
1.243400000000267056e+02 1.619214385448166427e+00
1.236000000000263270e+02 1.618100349912030111e+00
1.228900000000259638e+02 1.616967526617543394e+00
1.222200000000256210e+02 1.615819101616895237e+00
1.215600000000252834e+02 1.614657889416367675e+00
1.209400000000249662e+02 1.613486379413350269e+00
1.203400000000246592e+02 1.612306775851751528e+00
1.197600000000243625e+02 1.611121032304576595e+00
1.192000000000240760e+02 1.609930881518710333e+00
1.186700000000238049e+02 1.608737861316301254e+00
1.181500000000235389e+02 1.607543337132273820e+00
1.176500000000232831e+02 1.606348521674006102e+00
1.171700000000230375e+02 1.605154492110908659e+00
1.167000000000227971e+02 1.603962205138514063e+00
1.162500000000225668e+02 1.602772510208604118e+00
1.158200000000223469e+02 1.601586161172261713e+00
1.154000000000221320e+02 1.600403826547054376e+00
1.149900000000219222e+02 1.599226098587594347e+00
1.145900000000217176e+02 1.598053501313687397e+00
1.142100000000215232e+02 1.596886497628164037e+00
1.138400000000213339e+02 1.595725495637884794e+00
1.134800000000211497e+02 1.594570854276370353e+00
1.131300000000209707e+02 1.593422888312382213e+00
1.127900000000207967e+02 1.592281872818400723e+00
1.124600000000206279e+02 1.591148047162525891e+00
1.121400000000204642e+02 1.590021618579376517e+00
1.118300000000203056e+02 1.588902765368716885e+00
1.115200000000201470e+02 1.587791639763663998e+00
1.112300000000199987e+02 1.586688370506092349e+00
1.109400000000198503e+02 1.585593065161272186e+00
1.106600000000197070e+02 1.584505812200516894e+00
1.103900000000195689e+02 1.583426682877129288e+00
1.101300000000194359e+02 1.582355732917437585e+00
1.098700000000193029e+02 1.581293004046933515e+00
1.096200000000191750e+02 1.580238525368364400e+00
1.093700000000190471e+02 1.579192314607635650e+00
1.091300000000189243e+02 1.578154379240592542e+00
1.089000000000188066e+02 1.577124717513214369e+00
1.086700000000186890e+02 1.576103319365707689e+00
1.084500000000185764e+02 1.575090167270119856e+00
1.082300000000184639e+02 1.574085236990174996e+00
1.080200000000183564e+02 1.573088498270727165e+00
1.078200000000182541e+02 1.572099915463740061e+00
1.076100000000181467e+02 1.571119448097041182e+00
1.074200000000180495e+02 1.570147051391149740e+00
1.072200000000179472e+02 1.569182676729050874e+00
1.070400000000178551e+02 1.568226272083581119e+00
1.068500000000177579e+02 1.567277782406130138e+00
1.066700000000176658e+02 1.566337149980297605e+00
1.065000000000175788e+02 1.565404314743868985e+00
1.063200000000174867e+02 1.564479214581781408e+00
1.061500000000173998e+02 1.563561785592892051e+00
1.059900000000173179e+02 1.562651962332721745e+00
1.058300000000172361e+02 1.561749678034585642e+00
1.056700000000171542e+02 1.560854864810758746e+00
1.055100000000170724e+02 1.559967453835577222e+00
1.053600000000169956e+02 1.559087375512102414e+00
1.052100000000169189e+02 1.558214559623668949e+00
1.050700000000168473e+02 1.557348935471736695e+00
1.049300000000167756e+02 1.556490432001163882e+00
1.047900000000167040e+02 1.555638977914061583e+00
1.046500000000166324e+02 1.554794501773063331e+00
1.045100000000165608e+02 1.553956932095123866e+00
1.043800000000164943e+02 1.553126197436529576e+00
1.042500000000164277e+02 1.552302226469721269e+00
1.041300000000163664e+02 1.551484948053092561e+00
1.040000000000162999e+02 1.550674291293685281e+00
1.038800000000162385e+02 1.549870185604073969e+00
1.037600000000161771e+02 1.549072560753383510e+00
1.036500000000161208e+02 1.548281346913219059e+00
1.035300000000160594e+02 1.547496474698854652e+00
1.034200000000160031e+02 1.546717875206132575e+00
