1.971900000000111675e+01 1.132177137177633325e-01
1.918700000000046657e+01 1.225643699546950377e-01
1.866899999999983351e+01 1.326522210968940352e-01
1.816399999999921633e+01 1.435339922764380660e-01
1.767199999999861504e+01 1.552649673262582464e-01
1.719299999999802964e+01 1.679028712210459684e-01
1.672699999999746012e+01 1.815076923800572894e-01
1.627199999999690405e+01 1.961414347385979362e-01
1.582999999999666585e+01 2.118677896426773011e-01
1.539799999999690527e+01 2.287517158060910216e-01
1.497699999999713860e+01 2.468589184089681476e-01
1.456699999999736583e+01 2.662552165542844129e-01
1.416799999999758697e+01 2.870057915814822058e-01
1.377799999999780312e+01 3.091743103601420906e-01
1.339799999999801372e+01 3.328219219331273182e-01
1.302699999999821934e+01 3.580061282394561561e-01
1.266599999999841941e+01 3.847795382615281090e-01
1.231299999999861505e+01 4.131885175337521310e-01
1.196899999999880571e+01 4.432717580107696786e-01
1.163299999999899192e+01 4.750587942404243535e-01
1.130499999999917371e+01 5.085685074085197765e-01
1.098499999999935106e+01 5.438076611609273803e-01
1.067299999999952398e+01 5.807695227488062217e-01
1.036699999999969357e+01 6.194326269801226914e-01
1.006899999999985873e+01 6.597597459319191060e-01
9.778000000000020009e+00 7.016971168195961228e-01
9.493000000000177963e+00 7.451739900341289857e-01
9.215000000000332037e+00 7.901025402584527235e-01
8.944000000000482231e+00 8.363781692682572544e-01
8.678000000000629655e+00 8.838802226041325705e-01
8.419000000000773198e+00 9.324731217414521378e-01
8.165000000000913971e+00 9.820078786992426645e-01
7.917000000000978588e+00 1.032323971528428030e+00
7.675000000000897771e+00 1.083251510325157874e+00
7.438000000000818623e+00 1.134613631034273151e+00
7.207000000000741480e+00 1.186229042770549524e+00
6.981000000000666006e+00 1.237914631932597320e+00
6.760000000000592202e+00 1.289488057751255523e+00
6.544000000000520068e+00 1.340770247378092472e+00
6.334000000000449937e+00 1.391587732386901255e+00
6.128000000000381142e+00 1.441774748435612041e+00
5.928000000000314351e+00 1.491175097607233546e+00
5.732000000000248896e+00 1.539643681602510972e+00
5.541000000000185111e+00 1.587047752576016713e+00
5.354000000000122661e+00 1.633267829390566250e+00
5.172000000000061881e+00 1.678198319629375712e+00
4.995000000000002771e+00 1.721747844769907498e+00
4.821999999999944997e+00 1.763839293845210987e+00
4.653999999999888892e+00 1.804409664426432469e+00
4.489999999999834124e+00 1.843409659404845691e+00
4.330999999999781025e+00 1.880803155421034933e+00
4.174999999999728928e+00 1.916566483140074384e+00
4.023999999999678501e+00 1.950687661284169927e+00
3.876999999999684032e+00 1.983165477583500591e+00
3.734999999999699671e+00 2.014008585655624017e+00
3.595999999999714980e+00 2.043234510710611573e+00
3.460999999999729848e+00 2.070868712912074638e+00
3.329999999999744276e+00 2.096943604009629869e+00
3.202999999999758263e+00 2.121497612475199634e+00
3.078999999999771919e+00 2.144574271629498430e+00
2.959999999999785025e+00 2.166221389702149835e+00
2.843999999999797801e+00 2.186490181862437154e+00
2.730999999999810246e+00 2.205434565704230465e+00
2.621999999999822251e+00 2.223110454042130257e+00
2.516999999999833815e+00 2.239575106256337822e+00
2.414999999999845048e+00 2.254886541623458029e+00
2.315999999999855952e+00 2.269103050223945761e+00
2.219999999999866525e+00 2.282282714006299340e+00
2.127999999999876657e+00 2.294483038912671358e+00
2.038999999999886459e+00 2.305760536661286331e+00
1.952999999999895708e+00 2.316170490078144795e+00
1.869999999999904849e+00 2.325766679840410411e+00
1.789999999999913660e+00 2.334601178701730007e+00
1.711999999999922251e+00 2.342724174015607730e+00
1.637999999999930401e+00 2.350183895806225998e+00
1.565999999999938330e+00 2.357026413227255368e+00
1.496999999999945929e+00 2.363295684780513550e+00
1.429999999999953308e+00 2.369033433382750076e+00
1.365999999999960357e+00 2.374279214641136004e+00
1.304999999999967075e+00 2.379070356600069047e+00
1.245999999999973573e+00 2.383441975292976078e+00
1.188999999999979851e+00 2.387427080259242995e+00
1.133999999999985908e+00 2.391056577640056524e+00
1.081999999999991635e+00 2.394359398456238797e+00
1.031999999999997142e+00 2.397362441124335941e+00
9.840000000000007629e-01 2.400090770102877968e+00
9.380000000000007221e-01 2.402567653616263232e+00
8.930000000000006821e-01 2.404814624713464966e+00
8.510000000000006448e-01 2.406851691603825394e+00
8.110000000000006093e-01 2.408697219529362332e+00
7.720000000000005747e-01 2.410368167463929012e+00
7.350000000000005418e-01 2.411880168801022961e+00
6.990000000000005098e-01 2.413247543193735467e+00
6.650000000000004796e-01 2.414483486964725145e+00
6.330000000000004512e-01 2.415600078341096690e+00
6.020000000000004237e-01 2.416608292455216578e+00
5.730000000000003979e-01 2.417518257209946508e+00
5.440000000000003721e-01 2.418339091887761860e+00
5.170000000000003482e-01 2.419079267187642657e+00
4.920000000000003815e-01 2.419746458416800916e+00
