2.014800000000164104e+01 1.181937286142495241e-01
1.960400000000097620e+01 1.279511783470873576e-01
1.907500000000032969e+01 1.384823991415701783e-01
1.855899999999969907e+01 1.498424334345331288e-01
1.805699999999908556e+01 1.620889948476673115e-01
1.756699999999848671e+01 1.752823453781940377e-01
1.709099999999790498e+01 1.894851100118966625e-01
1.662599999999733669e+01 2.047620178261671253e-01
1.617399999999678428e+01 2.211795594098213413e-01
1.573299999999671961e+01 2.388055485279021450e-01
1.530299999999695792e+01 2.577085781426217692e-01
1.488399999999719014e+01 2.779573601246991266e-01
1.447599999999741627e+01 2.996199405791500348e-01
1.407799999999763685e+01 3.227627846860744443e-01
1.368899999999785244e+01 3.474497288864212274e-01
1.331099999999806194e+01 3.737408026857654830e-01
1.294099999999826700e+01 4.016909267459471411e-01
1.258099999999846652e+01 4.313485050108880614e-01
1.222899999999866161e+01 4.627539294662190716e-01
1.188599999999885171e+01 4.959380331426774258e-01
1.155099999999903737e+01 5.309205268604464401e-01
1.122399999999921860e+01 5.677084714902301821e-01
1.090499999999939540e+01 6.062948383859503299e-01
1.059299999999956832e+01 6.466572193562465376e-01
1.028799999999973735e+01 6.887567494208427510e-01
9.990999999999901959e+00 7.325373036537221605e-01
9.700000000000063238e+00 7.779250229163229280e-01
9.416000000000220638e+00 8.248282213644939631e-01
9.138000000000374712e+00 8.731377031740498174e-01
8.867000000000524906e+00 9.227275128659919723e-01
8.602000000000671776e+00 9.734561112671994421e-01
8.343000000000815319e+00 1.025167963475729138e+00
8.089000000000956092e+00 1.077695491276446482e+00
7.842000000000953541e+00 1.130861339323511183e+00
7.600000000000872724e+00 1.184480869572363426e+00
7.364000000000793911e+00 1.238364822744203897e+00
7.133000000000716767e+00 1.292322037909736876e+00
6.907000000000641293e+00 1.346162159993455676e+00
6.687000000000567823e+00 1.399698247458448286e+00
6.472000000000496023e+00 1.452749203320675253e+00
6.261000000000425558e+00 1.505141980835676074e+00
6.056000000000357097e+00 1.556713516875757763e+00
5.856000000000290306e+00 1.607312337462388996e+00
5.661000000000225185e+00 1.656799858997611175e+00
5.470000000000161400e+00 1.705051346849992822e+00
5.285000000000099618e+00 1.751956574949012246e+00
5.104000000000039172e+00 1.797420138615470675e+00
4.926999999999980062e+00 1.841361543358080111e+00
4.754999999999922622e+00 1.883715014825432910e+00
4.587999999999866851e+00 1.924429096537758177e+00
4.424999999999812417e+00 1.963466066910512176e+00
4.265999999999759318e+00 2.000801226596804927e+00
4.111999999999707889e+00 2.036422061747143797e+00
3.961999999999674671e+00 2.070327307926507654e+00
3.815999999999690750e+00 2.102525992467738636e+00
3.673999999999706390e+00 2.133036422430172330e+00
3.535999999999721588e+00 2.161885171431413344e+00
3.401999999999736346e+00 2.189106075424389619e+00
3.271999999999750663e+00 2.214739252380653056e+00
3.145999999999764540e+00 2.238830157468258975e+00
3.023999999999777977e+00 2.261428682764375253e+00
2.904999999999791083e+00 2.282588300093292499e+00
2.790999999999803638e+00 2.302365320381015046e+00
2.678999999999815973e+00 2.320818075111967804e+00
2.571999999999827757e+00 2.338006365149472021e+00
2.466999999999839321e+00 2.353990745550424535e+00
2.365999999999850445e+00 2.368832082958363561e+00
2.268999999999861128e+00 2.382591022500138767e+00
2.173999999999871591e+00 2.395327545814794235e+00
2.082999999999881613e+00 2.407100700097075663e+00
1.994999999999891083e+00 2.417968178878261654e+00
1.909999999999900444e+00 2.427986126725344640e+00
1.828999999999909365e+00 2.437208923686591255e+00
1.749999999999918066e+00 2.445688944364420525e+00
1.672999999999926546e+00 2.453476504565817784e+00
1.599999999999934586e+00 2.460619770444963272e+00
1.528999999999942405e+00 2.467164570491748421e+00
1.460999999999949894e+00 2.473154511210896800e+00
1.395999999999957053e+00 2.478630865025363672e+00
1.332999999999963991e+00 2.483632565675246262e+00
1.272999999999970600e+00 2.488196331953795415e+00
1.214999999999976987e+00 2.492356593404616127e+00
1.158999999999983155e+00 2.496145625508023880e+00
1.105999999999988992e+00 2.499593608359042651e+00
1.053999999999994719e+00 2.502728619731769744e+00
1.005000000000000115e+00 2.505576872370563368e+00
9.580000000000007399e-01 2.508162627327988670e+00
9.130000000000006999e-01 2.510508394143008193e+00
8.700000000000006617e-01 2.512634989950286446e+00
8.280000000000006244e-01 2.514561615159256025e+00
7.890000000000005898e-01 2.516306036389800660e+00
7.510000000000005560e-01 2.517884505287570462e+00
7.140000000000005231e-01 2.519311981708982184e+00
6.800000000000004929e-01 2.520602312317003602e+00
6.470000000000004636e-01 2.521767985032218995e+00
6.150000000000004352e-01 2.522820529111123200e+00
5.850000000000004086e-01 2.523770516049132606e+00
5.560000000000003828e-01 2.524627500337148334e+00
5.290000000000003588e-01 2.525400300129573949e+00
5.030000000000003357e-01 2.526096826034089915e+00
