2.100500000000268841e+01 1.284667916137439969e-01
2.043800000000199546e+01 1.390723311558129949e-01
1.988600000000132084e+01 1.505188957370304226e-01
1.934900000000066456e+01 1.628663119526471414e-01
1.882500000000002416e+01 1.761773096873656130e-01
1.831499999999940087e+01 1.905173887887873507e-01
1.781799999999879347e+01 2.059546173629538401e-01
1.733399999999820196e+01 2.225593506357957385e-01
1.686199999999762511e+01 2.404038582800715473e-01
1.640199999999706293e+01 2.595618482973136021e-01
1.595399999999659713e+01 2.801078755756027938e-01
1.551699999999683932e+01 3.021166241606373926e-01
1.509199999999707487e+01 3.256620546388379611e-01
1.467699999999730487e+01 3.508164090452010053e-01
1.427199999999752933e+01 3.776490724121379650e-01
1.387699999999774825e+01 4.062252916099523548e-01
1.349199999999796162e+01 4.366047612107220588e-01
1.311599999999817001e+01 4.688400918717713362e-01
1.274999999999837286e+01 5.029751868730405473e-01
1.239199999999857127e+01 5.390435586045700944e-01
1.204299999999876469e+01 5.770666314567742816e-01
1.170199999999895368e+01 6.170520798539581575e-01
1.136899999999913824e+01 6.589922642165316757e-01
1.104399999999931836e+01 7.028628289010325769e-01
1.072599999999949461e+01 7.486215307901705751e-01
1.041599999999966641e+01 7.962073665282188850e-01
1.011299999999983434e+01 8.455400577568980003e-01
9.815999999999998948e+00 8.965199487375096199e-01
9.527000000000159119e+00 9.490283543711641734e-01
9.244000000000315964e+00 1.002928369481469240e+00
8.968000000000468930e+00 1.058066154156596328e+00
8.698000000000618570e+00 1.114272654113427352e+00
8.434000000000764885e+00 1.171365726558574627e+00
8.175000000000908429e+00 1.229152597988210305e+00
7.923000000000980592e+00 1.287432586450058647e+00
7.677000000000898439e+00 1.345999980756019454e+00
7.436000000000817955e+00 1.404647004070808558e+00
7.201000000000739476e+00 1.463166758156084990e+00
6.971000000000662666e+00 1.521356049905995045e+00
6.747000000000587860e+00 1.579018045582515795e+00
6.528000000000514724e+00 1.635964657631459040e+00
6.314000000000443258e+00 1.692018645352080020e+00
6.105000000000373461e+00 1.747015370731703321e+00
5.902000000000305668e+00 1.800804209282063528e+00
5.703000000000239211e+00 1.853249581641325250e+00
5.510000000000174758e+00 1.904231678933436367e+00
5.321000000000111640e+00 1.953646807096029336e+00
5.137000000000050193e+00 2.001407477151960990e+00
4.957999999999990415e+00 2.047442194713037456e+00
4.782999999999931973e+00 2.091695026326919393e+00
4.612999999999875200e+00 2.134124980320149856e+00
4.447999999999820098e+00 2.174705211389790005e+00
4.286999999999766331e+00 2.213422107633333358e+00
4.129999999999713900e+00 2.250274299456551663e+00
3.977999999999672909e+00 2.285271605306387954e+00
3.829999999999689209e+00 2.318433916426303920e+00
3.686999999999704958e+00 2.349790123743445758e+00
3.546999999999720377e+00 2.379376992829534743e+00
3.411999999999735245e+00 2.407238138297366881e+00
3.279999999999749782e+00 2.433422953824699420e+00
3.152999999999763769e+00 2.457985681188113780e+00
3.028999999999777426e+00 2.480984438054583574e+00
2.908999999999790642e+00 2.502480409738610412e+00
2.792999999999803418e+00 2.522537034670238487e+00
2.680999999999815753e+00 2.541219281455517454e+00
2.571999999999827757e+00 2.558592983999548931e+00
2.466999999999839321e+00 2.574724295495508297e+00
2.364999999999850555e+00 2.589679112411098050e+00
2.266999999999861348e+00 2.603522677749396941e+00
2.171999999999871811e+00 2.616319120913158436e+00
2.079999999999881943e+00 2.628131168398728512e+00
1.991999999999891413e+00 2.639019861852838655e+00
1.905999999999900885e+00 2.649044254989850078e+00
1.823999999999909916e+00 2.658261345660788866e+00
1.744999999999918616e+00 2.666725802058299344e+00
1.667999999999927097e+00 2.674489926525523753e+00
1.594999999999935136e+00 2.681603607291705327e+00
1.523999999999942956e+00 2.688114182706735633e+00
1.455999999999950445e+00 2.694066518628892570e+00
1.389999999999957714e+00 2.699502957602519349e+00
1.326999999999964652e+00 2.704463388760799170e+00
1.266999999999971260e+00 2.708985261842943526e+00
1.207999999999977758e+00 2.713103618677670692e+00
1.152999999999983816e+00 2.716851311931673951e+00
1.098999999999989763e+00 2.720258827729504780e+00
1.047999999999995380e+00 2.723354655787088241e+00
9.990000000000007763e-01 2.726165170254886583e+00
9.520000000000007345e-01 2.728714838708735435e+00
9.070000000000006946e-01 2.731026289393100992e+00
8.630000000000006555e-01 2.733120381005561761e+00
8.220000000000006191e-01 2.735016448286838209e+00
7.830000000000005844e-01 2.736732161033833766e+00
7.450000000000005507e-01 2.738283781838967368e+00
7.090000000000005187e-01 2.739686274486054618e+00
6.740000000000004876e-01 2.740953287989705167e+00
6.410000000000004583e-01 2.742097389395677709e+00
6.100000000000004308e-01 2.743130035615572115e+00
5.800000000000004041e-01 2.744061606325799207e+00
5.510000000000003784e-01 2.744901620945342291e+00
5.240000000000003544e-01 2.745658818583255556e+00
