2.057600000000216411e+01 1.232767545676362042e-01
2.002100000000148583e+01 1.334538320808028589e-01
1.948000000000082466e+01 1.444379573423550944e-01
1.895400000000018181e+01 1.562865399932416577e-01
1.844099999999955486e+01 1.690597756284912268e-01
1.794099999999894379e+01 1.828205179006148762e-01
1.745399999999834861e+01 1.976340849879413275e-01
1.697999999999776932e+01 2.135679897916117065e-01
1.651799999999720470e+01 2.306915822890027445e-01
1.606699999999665351e+01 2.490755926487136784e-01
1.562899999999677725e+01 2.687915638722432332e-01
1.520099999999701446e+01 2.899111626814966369e-01
1.478399999999724557e+01 3.125053615982699706e-01
1.437699999999747114e+01 3.366434842064605082e-01
1.398099999999769061e+01 3.623921124438028163e-01
1.359399999999790509e+01 3.898138571064872493e-01
1.321699999999811403e+01 4.189660011475222490e-01
1.284899999999831799e+01 4.498990298220281181e-01
1.248899999999851751e+01 4.826550723331554660e-01
1.213899999999871149e+01 5.172662879306143546e-01
1.179699999999890103e+01 5.537532348751211808e-01
1.146299999999908614e+01 5.921232777203457864e-01
1.113699999999926682e+01 6.323690855418669932e-01
1.081799999999944362e+01 6.744672864246866739e-01
1.050699999999961598e+01 7.183773443733975084e-01
1.020299999999978446e+01 7.640407199956752438e-01
9.905999999999949068e+00 8.113803784598927482e-01
9.616000000000109793e+00 8.603006907082874077e-01
9.333000000000266638e+00 9.106877651721354550e-01
9.055000000000420712e+00 9.624102278576218694e-01
8.785000000000570353e+00 1.015320455405579914e+00
8.520000000000717222e+00 1.069256221596970313e+00
8.261000000000860766e+00 1.124042742600896982e+00
8.009000000001000430e+00 1.179495035572007744e+00
7.762000000000926825e+00 1.235420521640629765e+00
7.520000000000846008e+00 1.291621801358421306e+00
7.284000000000767194e+00 1.347899494238021134e+00
7.054000000000690385e+00 1.404055060128332366e+00
6.829000000000615245e+00 1.459893514433328487e+00
6.609000000000541775e+00 1.515225973312128938e+00
6.395000000000470308e+00 1.569871952264248804e+00
6.185000000000400178e+00 1.623661366956175911e+00
5.981000000000332051e+00 1.676436235708758549e+00
5.781000000000265260e+00 1.728052009594693184e+00
5.587000000000200473e+00 1.778378600449372016e+00
5.397000000000137021e+00 1.827301025957090097e+00
5.212000000000075239e+00 1.874719790427817001e+00
5.032000000000015127e+00 1.920550937786326573e+00
4.856999999999956685e+00 1.964725860568830029e+00
4.685999999999899579e+00 2.007190885995381535e+00
4.518999999999843808e+00 2.047906675216832006e+00
4.356999999999789708e+00 2.086847469321164272e+00
4.198999999999736943e+00 2.124000206267966817e+00
4.045999999999685848e+00 2.159363580280457828e+00
3.896999999999681830e+00 2.192946999037216127e+00
3.751999999999697799e+00 2.224769557681800958e+00
3.610999999999713328e+00 2.254858972301743592e+00
3.474999999999728306e+00 2.283250542904375457e+00
3.341999999999742954e+00 2.309986098003711241e+00
3.212999999999757161e+00 2.335113051532403006e+00
3.087999999999770928e+00 2.358683442404133412e+00
2.966999999999784254e+00 2.380753056204793161e+00
2.849999999999797140e+00 2.401380600305229596e+00
2.735999999999809695e+00 2.420626935321013917e+00
2.625999999999821810e+00 2.438554417737277102e+00
2.519999999999833484e+00 2.455226233606166097e+00
2.416999999999844828e+00 2.470705839465026532e+00
2.316999999999855842e+00 2.485056484625545625e+00
2.220999999999866414e+00 2.498340769194490996e+00
2.127999999999876657e+00 2.510620237638091723e+00
2.037999999999886569e+00 2.521955083164452383e+00
1.950999999999895929e+00 2.532403862217325941e+00
1.866999999999905180e+00 2.542023271714762611e+00
1.786999999999913991e+00 2.550867997890470029e+00
1.708999999999922581e+00 2.558990482613709982e+00
1.633999999999930841e+00 2.566440941542687426e+00
1.561999999999938771e+00 2.573267222886584715e+00
1.492999999999946370e+00 2.579514775851754482e+00
1.425999999999953749e+00 2.585226632773534927e+00
1.361999999999960798e+00 2.590443445559444946e+00
1.299999999999967626e+00 2.595203469777710659e+00
1.240999999999974124e+00 2.599542653884191257e+00
1.183999999999980401e+00 2.603494646276950153e+00
1.128999999999986459e+00 2.607090899462328526e+00
1.076999999999992186e+00 2.610360768309793578e+00
1.026999999999997693e+00 2.613331513885996937e+00
9.780000000000007576e-01 2.616028450442660969e+00
9.320000000000007168e-01 2.618475109166013670e+00
8.880000000000006777e-01 2.620693174196697672e+00
8.460000000000006404e-01 2.622702692115250755e+00
8.050000000000006040e-01 2.624522106831803647e+00
7.670000000000005702e-01 2.626168502668206006e+00
7.300000000000005373e-01 2.627657425918478395e+00
6.940000000000005054e-01 2.629003208433442040e+00
6.610000000000004761e-01 2.630219064715494159e+00
6.280000000000004468e-01 2.631316894712115051e+00
5.970000000000004192e-01 2.632307743311250725e+00
5.680000000000003935e-01 2.633201671621621998e+00
5.400000000000003686e-01 2.634007731498490212e+00
5.130000000000003446e-01 2.634734244124317115e+00
