2.143400000000321270e+01 1.337638397296484760e-01
2.085500000000250509e+01 1.448066755720957555e-01
2.029200000000181703e+01 1.567252143036672041e-01
1.974300000000114608e+01 1.695817492906185331e-01
1.920900000000049346e+01 1.834415970240364513e-01
1.868899999999985795e+01 1.983729580432240513e-01
1.818099999999923710e+01 2.144467070628543193e-01
1.768699999999863337e+01 2.317361003222191962e-01
1.720599999999804552e+01 2.503163873828961883e-01
1.673699999999747234e+01 2.702643153942773102e-01
1.627999999999691383e+01 2.916575133448575663e-01
1.583399999999666363e+01 3.145737447372547457e-01
1.539999999999690417e+01 3.390900197008559491e-01
1.497599999999713916e+01 3.652815590669396539e-01
1.456299999999736805e+01 3.932206088604296990e-01
1.415999999999759140e+01 4.229751061946617763e-01
1.376699999999780921e+01 4.546072070131176313e-01
1.338399999999802148e+01 4.881716914476940117e-01
1.300999999999822876e+01 5.237142726482216792e-01
1.264499999999843105e+01 5.612698451648731046e-01
1.228799999999862891e+01 6.008607163957965236e-01
1.194099999999882122e+01 6.424948778938953664e-01
1.160099999999900966e+01 6.861643744099564790e-01
1.126899999999919366e+01 7.318438462244838405e-01
1.094499999999937323e+01 7.794893086717646913e-01
1.062799999999954892e+01 8.290372424362225656e-01
1.031899999999972017e+01 8.804040599421224522e-01
1.001699999999988755e+01 9.334859963654482673e-01
9.721000000000051600e+00 9.881594709371799290e-01
9.433000000000211216e+00 1.044281936518572707e+00
9.151000000000367507e+00 1.101693207520257900e+00
8.875000000000520473e+00 1.160217259936737522e+00
8.606000000000669559e+00 1.219664441284621592e+00
8.342000000000815874e+00 1.279834029047658861e+00
8.085000000000958309e+00 1.340517066258216206e+00
7.834000000000950870e+00 1.401499359459800198e+00
7.588000000000868717e+00 1.462564565460420019e+00
7.348000000000788567e+00 1.523497254076866980e+00
7.114000000000710422e+00 1.584085855932507059e+00
6.885000000000633946e+00 1.644125417959346303e+00
6.661000000000559140e+00 1.703420098973942531e+00
6.443000000000486338e+00 1.761785352071983501e+00
6.230000000000415206e+00 1.819049749341036692e+00
6.022000000000345743e+00 1.875056450750518300e+00
5.820000000000278284e+00 1.929664297704490217e+00
5.622000000000212161e+00 1.982748528201556892e+00
5.430000000000148042e+00 2.034201183873221463e+00
5.242000000000085258e+00 2.083931161477239336e+00
5.059000000000024144e+00 2.131864020061533971e+00
4.880999999999964700e+00 2.177941523385464873e+00
4.706999999999906592e+00 2.222120982203662276e+00
4.538999999999850488e+00 2.264374452884007294e+00
4.373999999999795385e+00 2.304687753145252316e+00
4.214999999999742286e+00 2.343059472646378261e+00
4.058999999999690189e+00 2.379499811227941741e+00
3.907999999999680618e+00 2.414029498630757331e+00
3.761999999999696698e+00 2.446678612688887977e+00
3.619999999999712337e+00 2.477485436159858612e+00
3.480999999999727645e+00 2.506495369078486579e+00
3.346999999999742403e+00 2.533759864347773672e+00
3.216999999999756721e+00 2.559335380038608942e+00
3.090999999999770598e+00 2.583282445708502628e+00
2.968999999999784034e+00 2.605664762875168794e+00
2.849999999999797140e+00 2.626548373160507488e+00
2.735999999999809695e+00 2.646000944832605839e+00
2.624999999999821920e+00 2.664091018740463834e+00
2.516999999999833815e+00 2.680887458972098791e+00
2.413999999999845159e+00 2.696458921055416624e+00
2.312999999999856282e+00 2.710873283525996769e+00
2.215999999999866965e+00 2.724197359559264342e+00
2.122999999999877208e+00 2.736496467021766410e+00
2.031999999999887230e+00 2.747834112888789981e+00
1.944999999999896589e+00 2.758271856048625459e+00
1.860999999999905841e+00 2.767868987416624460e+00
1.779999999999914762e+00 2.776682453860158439e+00
1.701999999999923352e+00 2.784766725398180487e+00
1.626999999999931612e+00 2.792173718985112796e+00
1.554999999999939542e+00 2.798952752042954906e+00
1.484999999999947251e+00 2.805150510806100339e+00
1.417999999999954630e+00 2.810811113041238762e+00
1.353999999999961679e+00 2.815976088900309815e+00
1.291999999999968507e+00 2.820684398054903230e+00
1.232999999999975005e+00 2.824972602963490509e+00
1.175999999999981283e+00 2.828874802293478652e+00
1.121999999999987230e+00 2.832422850710751838e+00
1.068999999999993067e+00 2.835646306879545886e+00
1.018999999999998574e+00 2.838572716548989128e+00
9.710000000000007514e-01 2.841227522874171907e+00
9.250000000000007105e-01 2.843634289132757065e+00
8.810000000000006715e-01 2.845814770325275855e+00
8.390000000000006342e-01 2.847789017947269130e+00
7.990000000000005986e-01 2.849575480468116151e+00
7.600000000000005640e-01 2.851191087956971515e+00
7.230000000000005311e-01 2.852651416414807350e+00
6.880000000000005000e-01 2.853970732780918063e+00
6.540000000000004698e-01 2.855162013289231027e+00
6.220000000000004414e-01 2.856237248379860816e+00
5.920000000000004148e-01 2.857207305015061038e+00
5.630000000000003890e-01 2.858082032395433902e+00
5.350000000000003642e-01 2.858870479404682641e+00
